# ICODE=321, JCODE=-321
# Normalized GAUSSIAN BF, SIGMA_GAUSS=0.3
# NSAMPLE=100000, Tblast=100, UPERPblast(x,y)=(0.75,0.75)
# BARYON_FUDGE=0.75
# ------- normalization=0.486616 -----------------
#dely    BF
0.050  0.2473  0.0089
0.150  0.2510  0.0089
0.250  0.1898  0.0066
0.350  0.1658  0.0059
0.450  0.1265  0.0046
0.550  0.1004  0.0038
0.650  0.0337  0.0014
0.750  0.0234  0.0009
0.850  0.0379  0.0016
0.950  0.0200  0.0009
1.050  0.0469  0.0021
1.150  0.0231  0.0011
1.250  0.0521  0.0026
1.350  0.0202  0.0011
1.450  0.0212  0.0011
1.550 -0.0108 -0.0006
1.650 -0.0169 -0.0010
1.750 -0.0452 -0.0026
1.850 -0.0586 -0.0038
1.950 -0.0330 -0.0023
2.050 -0.0760 -0.0054
2.150 -0.0729 -0.0051
2.250 -0.0988 -0.0074
2.350 -0.0989 -0.0080
2.450 -0.0882 -0.0076
2.550 -0.0606 -0.0054
2.650 -0.0501 -0.0045
2.750  0.0104  0.0011
2.850  0.0325  0.0033
2.950  0.0640  0.0063
3.050  0.0425  0.0051
3.150  0.0615  0.0074
3.250  0.1038  0.0128
3.350  0.0476  0.0061
3.450  0.0656  0.0082
3.550  0.1461  0.0188
3.650  0.1256  0.0168
3.750  0.0423  0.0073
3.850  0.1149  0.0204
3.950  0.1203  0.0174
4.050  0.0973  0.0163
4.150  0.1560  0.0269
4.250  0.2493  0.0495
4.350  0.1559  0.0282
4.450  0.0634  0.0116
4.550  0.1905  0.0363
4.650  0.0662  0.0157
4.750  0.0606  0.0133
4.850  0.0854  0.0274
4.950  0.2733  0.0690
5.050  0.1103  0.0255
5.150  0.0029  0.0010
5.250  0.0869  0.0235
5.350  0.1238  0.0324
5.450  0.1581  0.0430
5.550  0.0392  0.0140
5.650  0.0404  0.0166
5.750  0.0421  0.0160
5.850  0.0415  0.0171
5.950 -0.0007 -0.0003
6.050  0.0127  0.0052
6.150  0.0608  0.0233
6.250  0.0888  0.0457
6.350  0.0394  0.0179
6.450  0.0112  0.0056
6.550  0.0396  0.0179
6.650  0.0040  0.0023
6.750  0.0418  0.0418
6.850  0.0398  0.0288
6.950  0.0160  0.0093
7.050  0.0524  0.0310
7.150  0.0000  0.0000
7.250  0.0515  0.0234
7.350  0.1535  0.0607
7.450  0.0087  0.0087
7.550  0.0501  0.0296
7.650  0.0122  0.0122
7.750  0.0000  0.0000
7.850  0.0077  0.0055
7.950  0.0113  0.0113
8.050  0.0000  0.0000
8.150  0.0103  0.0103
8.250  0.0109  0.0109
8.350  0.0000  0.0000
8.450  0.0336  0.0195
8.550  0.0000  0.0000
8.650  0.0000  0.0000
8.750  0.0521  0.0383
8.850  0.0316  0.0226
8.950  0.0000  0.0000
9.050  0.0127  0.0127
9.150  0.0000  0.0000
9.250  0.0509  0.0509
9.350  0.0290  0.0205
9.450  0.0133  0.0133
9.550  0.0000  0.0000
9.650  0.0000  0.0000
9.750  0.0348  0.0246
9.850  0.0178  0.0178
9.950  0.0000  0.0000
10.050  0.0000  0.0000
10.150  0.0000  0.0000
10.250  0.0172  0.0172
10.350  0.0198  0.0198
10.450  0.0000  0.0000
10.550  0.0000  0.0000
10.650  0.0000  0.0000
10.750  0.0000  0.0000
10.850  0.0586  0.0342
10.950  0.0000  0.0000
11.050  0.0259  0.0259
11.150  0.0000  0.0000
11.250  0.0000  0.0000
11.350  0.0000  0.0000
11.450  0.0000  0.0000
11.550  0.0000  0.0000
11.650  0.0000  0.0000
11.750  0.0000  0.0000
11.850  0.0000  0.0000
11.950  0.0000  0.0000
