# ICODE=2212, JCODE=-2212
# Normalized GAUSSIAN BF, SIGMA_GAUSS=0.3
# NSAMPLE=100000, Tblast=100, UPERPblast(x,y)=(0.75,0.75)
# BARYON_FUDGE=0.75
# ------- normalization=0.417914 -----------------
#dely    BF
0.050  1.3235  0.1160
0.150  1.0214  0.0902
0.250  0.7755  0.0728
0.350  0.3925  0.0368
0.450  0.2868  0.0269
0.550  0.1753  0.0180
0.650  0.0439  0.0044
0.750 -0.0364 -0.0038
0.850 -0.0629 -0.0066
0.950 -0.0901 -0.0095
1.050 -0.1208 -0.0142
1.150 -0.1411 -0.0176
1.250 -0.1530 -0.0208
1.350 -0.1550 -0.0189
1.450 -0.1029 -0.0143
1.550 -0.1152 -0.0172
1.650 -0.0680 -0.0105
1.750 -0.0857 -0.0110
1.850 -0.0173 -0.0027
1.950  0.0013  0.0002
2.050  0.0012  0.0002
2.150  0.0133  0.0023
2.250 -0.0052 -0.0009
2.350  0.0247  0.0045
2.450 -0.0280 -0.0049
2.550  0.0191  0.0037
2.650 -0.0174 -0.0036
2.750 -0.0459 -0.0098
2.850 -0.0080 -0.0018
2.950 -0.0107 -0.0023
3.050  0.0221  0.0059
3.150  0.0099  0.0025
3.250 -0.0348 -0.0082
3.350 -0.0132 -0.0040
3.450 -0.0002 -0.0001
3.550 -0.0178 -0.0052
3.650  0.0624  0.0162
3.750  0.0439  0.0155
3.850 -0.0041 -0.0012
3.950  0.0096  0.0043
4.050  0.0761  0.0344
4.150 -0.0153 -0.0068
4.250  0.0019  0.0006
4.350 -0.0116 -0.0052
4.450 -0.0034 -0.0017
4.550 -0.0014 -0.0006
4.650 -0.0004 -0.0002
4.750  0.0141  0.0058
4.850  0.0066  0.0027
4.950  0.0037  0.0021
5.050  0.0101  0.0045
5.150  0.0056  0.0028
5.250  0.0588  0.0295
5.350  0.0000  0.0000
5.450  0.0155  0.0110
5.550  0.0346  0.0244
5.650  0.0057  0.0033
5.750  0.0133  0.0133
5.850  0.0442  0.0198
5.950  0.0000  0.0000
6.050  0.0000  0.0000
6.150  0.0000  0.0000
6.250  0.0000  0.0000
6.350  0.0000  0.0000
6.450  0.0381  0.0271
6.550  0.0000  0.0000
6.650  0.0678  0.0394
6.750  0.0519  0.0368
6.850  0.0000  0.0000
6.950  0.0606  0.0432
7.050  0.0000  0.0000
7.150  0.0828  0.0595
7.250  0.0424  0.0212
7.350  0.0000  0.0000
7.450  0.0000  0.0000
7.550  0.0000  0.0000
7.650  0.0000  0.0000
7.750  0.0600  0.0428
7.850  0.0000  0.0000
7.950  0.0872  0.0872
8.050  0.0000  0.0000
8.150  0.0000  0.0000
8.250  0.0000  0.0000
8.350  0.0000  0.0000
8.450  0.0000  0.0000
8.550  0.0431  0.0431
8.650  0.0558  0.0558
8.750  0.0000  0.0000
8.850  0.0000  0.0000
8.950  0.0000  0.0000
9.050  0.0000  0.0000
9.150  0.0000  0.0000
9.250  0.1442  0.1442
9.350  0.0000  0.0000
9.450  0.0000  0.0000
9.550  0.0000  0.0000
9.650  0.0810  0.0810
9.750  0.0000  0.0000
9.850  0.0000  0.0000
9.950  0.0000  0.0000
10.050  0.0000  0.0000
10.150  0.2136  0.2136
10.250  0.0000  0.0000
10.350  0.0000  0.0000
10.450  0.0000  0.0000
10.550  0.0000  0.0000
10.650  0.0000  0.0000
10.750  0.0000  0.0000
10.850  0.0000  0.0000
10.950  0.0000  0.0000
11.050  0.0000  0.0000
11.150  0.0000  0.0000
11.250  0.0000  0.0000
11.350  0.0000  0.0000
11.450  0.0000  0.0000
11.550  0.0000  0.0000
11.650  0.0000  0.0000
11.750  0.0000  0.0000
11.850  0.0000  0.0000
11.950  0.0000  0.0000
