# ICODE=321, JCODE=-2212
# Normalized GAUSSIAN BF, SIGMA_GAUSS=0.3
# NSAMPLE=100000, Tblast=100, UPERPblast(x,y)=(0.75,0.75)
# BARYON_FUDGE=0.75
# ------- normalization=0.0286264 -----------------
#dely    BF
0.050  0.2075  0.0133
0.150  0.1941  0.0121
0.250  0.2368  0.0141
0.350  0.1817  0.0118
0.450  0.1510  0.0097
0.550  0.1741  0.0117
0.650  0.1824  0.0120
0.750  0.1464  0.0105
0.850  0.1178  0.0087
0.950  0.1000  0.0072
1.050  0.1207  0.0093
1.150  0.0802  0.0062
1.250  0.0635  0.0050
1.350  0.1013  0.0088
1.450  0.0650  0.0054
1.550  0.0061  0.0006
1.650  0.0169  0.0015
1.750  0.0077  0.0007
1.850 -0.0225 -0.0021
1.950 -0.0291 -0.0028
2.050 -0.0681 -0.0063
2.150 -0.0546 -0.0060
2.250 -0.0762 -0.0079
2.350 -0.0816 -0.0086
2.450 -0.0883 -0.0101
2.550 -0.0964 -0.0115
2.650 -0.0772 -0.0097
2.750 -0.0761 -0.0102
2.850 -0.0385 -0.0056
2.950 -0.0725 -0.0102
3.050 -0.0635 -0.0092
3.150 -0.0825 -0.0105
3.250 -0.0381 -0.0058
3.350 -0.0455 -0.0066
3.450 -0.0676 -0.0102
3.550 -0.0634 -0.0106
3.650 -0.0031 -0.0006
3.750 -0.0202 -0.0034
3.850 -0.0128 -0.0024
3.950 -0.0321 -0.0063
4.050 -0.0083 -0.0016
4.150 -0.0181 -0.0037
4.250  0.0177  0.0038
4.350  0.0394  0.0078
4.450  0.0143  0.0033
4.550  0.0130  0.0032
4.650  0.0681  0.0147
4.750  0.0117  0.0039
4.850 -0.0111 -0.0030
4.950 -0.0488 -0.0127
5.050  0.0371  0.0153
5.150  0.0751  0.0204
5.250  0.1213  0.0322
5.350  0.0071  0.0021
5.450  0.0280  0.0126
5.550 -0.0913 -0.0329
5.650  0.0259  0.0150
5.750 -0.0271 -0.0107
5.850 -0.0920 -0.0330
5.950  0.0002  0.0001
6.050 -0.0625 -0.0295
6.150 -0.0342 -0.0126
6.250  0.0608  0.0212
6.350  0.0210  0.0125
6.450  0.0400  0.0209
6.550 -0.0469 -0.0227
6.650 -0.1118 -0.0540
6.750 -0.0350 -0.0180
6.850  0.0348  0.0348
6.950 -0.0157 -0.0092
7.050  0.0810  0.0413
7.150  0.0171  0.0122
7.250  0.0641  0.0328
7.350 -0.0569 -0.0343
7.450  0.0000  0.0000
7.550  0.0156  0.0110
7.650  0.0127  0.0127
7.750 -0.1391 -0.1230
7.850  0.0000  0.0000
7.950  0.0222  0.0157
8.050  0.0000  0.0000
8.150  0.0000  0.0000
8.250 -0.0760 -0.0760
8.350  0.0000  0.0000
8.450  0.0105  0.0061
8.550  0.0057  0.0057
8.650 -0.0926 -0.0732
8.750 -0.0009 -0.0009
8.850  0.0000  0.0000
8.950 -0.0806 -0.0434
9.050  0.0000  0.0000
9.150 -0.0212 -0.0151
9.250 -0.0303 -0.0303
9.350  0.0000  0.0000
9.450  0.0000  0.0000
9.550  0.0000  0.0000
9.650  0.0000  0.0000
9.750  0.0000  0.0000
9.850  0.0000  0.0000
9.950  0.0000  0.0000
10.050  0.0000  0.0000
10.150  0.0000  0.0000
10.250  0.0000  0.0000
10.350  0.0000  0.0000
10.450  0.0000  0.0000
10.550  0.1099  0.1099
10.650  0.0000  0.0000
10.750  0.0000  0.0000
10.850  0.0000  0.0000
10.950 -0.0748 -0.0570
11.050  0.0000  0.0000
11.150 -0.1949 -0.1949
11.250  0.0000  0.0000
11.350  0.0000  0.0000
11.450  0.0000  0.0000
11.550  0.0000  0.0000
11.650  0.0000  0.0000
11.750  0.0000  0.0000
11.850  0.0000  0.0000
11.950  0.0000  0.0000
