# ICODE=211, JCODE=-2212
# Normalized GAUSSIAN BF, SIGMA_GAUSS=0.3
# NSAMPLE=100000, Tblast=100, UPERPblast(x,y)=(0.75,0.75)
# BARYON_FUDGE=0.75
# ------- normalization=0.0363436 -----------------
#dely    BF
0.050  0.0646  0.0014
0.150  0.0564  0.0012
0.250  0.0703  0.0016
0.350  0.0437  0.0010
0.450  0.0488  0.0011
0.550  0.0218  0.0005
0.650  0.0259  0.0007
0.750  0.0230  0.0006
0.850  0.0190  0.0005
0.950  0.0182  0.0005
1.050  0.0088  0.0003
1.150  0.0263  0.0008
1.250  0.0230  0.0007
1.350  0.0212  0.0007
1.450  0.0194  0.0007
1.550  0.0048  0.0002
1.650  0.0027  0.0001
1.750  0.0060  0.0002
1.850  0.0022  0.0001
1.950  0.0031  0.0001
2.050  0.0062  0.0002
2.150 -0.0099 -0.0004
2.250 -0.0058 -0.0002
2.350 -0.0124 -0.0006
2.450  0.0004  0.0000
2.550 -0.0036 -0.0002
2.650 -0.0047 -0.0002
2.750 -0.0057 -0.0003
2.850 -0.0162 -0.0008
2.950 -0.0077 -0.0004
3.050 -0.0157 -0.0009
3.150  0.0076  0.0004
3.250 -0.0060 -0.0004
3.350 -0.0030 -0.0002
3.450  0.0027  0.0002
3.550 -0.0004 -0.0000
3.650 -0.0081 -0.0006
3.750  0.0004  0.0000
3.850  0.0104  0.0007
3.950  0.0110  0.0009
4.050  0.0016  0.0001
4.150  0.0081  0.0007
4.250  0.0064  0.0006
4.350  0.0072  0.0007
4.450  0.0036  0.0003
4.550  0.0073  0.0007
4.650  0.0100  0.0010
4.750  0.0024  0.0003
4.850 -0.0082 -0.0009
4.950  0.0037  0.0004
5.050 -0.0054 -0.0005
5.150  0.0004  0.0000
5.250  0.0046  0.0006
5.350  0.0027  0.0003
5.450  0.0044  0.0006
5.550  0.0008  0.0001
5.650 -0.0032 -0.0004
5.750  0.0045  0.0006
5.850  0.0043  0.0006
5.950  0.0103  0.0015
6.050  0.0004  0.0001
6.150  0.0027  0.0005
6.250 -0.0067 -0.0011
6.350 -0.0091 -0.0016
6.450  0.0048  0.0009
6.550 -0.0048 -0.0009
6.650  0.0069  0.0012
6.750 -0.0054 -0.0010
6.850 -0.0002 -0.0000
6.950 -0.0012 -0.0002
7.050  0.0120  0.0024
7.150 -0.0016 -0.0003
7.250 -0.0011 -0.0003
7.350 -0.0014 -0.0004
7.450  0.0038  0.0010
7.550 -0.0072 -0.0017
7.650 -0.0167 -0.0032
7.750 -0.0014 -0.0005
7.850 -0.0028 -0.0009
7.950 -0.0156 -0.0046
8.050 -0.0216 -0.0063
8.150 -0.0011 -0.0003
8.250  0.0048  0.0014
8.350 -0.0019 -0.0006
8.450  0.0072  0.0023
8.550 -0.0143 -0.0040
8.650 -0.0023 -0.0008
8.750  0.0055  0.0020
8.850  0.0030  0.0010
8.950 -0.0039 -0.0013
9.050 -0.0011 -0.0004
9.150  0.0086  0.0036
9.250  0.0039  0.0023
9.350 -0.0178 -0.0077
9.450  0.0028  0.0020
9.550  0.0000  0.0000
9.650  0.0007  0.0004
9.750 -0.0074 -0.0038
9.850  0.0131  0.0069
9.950 -0.0078 -0.0046
10.050 -0.0091 -0.0042
10.150  0.0000  0.0000
10.250 -0.0117 -0.0117
10.350 -0.0129 -0.0054
10.450  0.0000  0.0000
10.550  0.0329  0.0225
10.650 -0.0103 -0.0043
10.750  0.0000  0.0000
10.850 -0.0126 -0.0059
10.950  0.0000  0.0000
11.050  0.0000  0.0000
11.150  0.0000  0.0000
11.250  0.0000  0.0000
11.350  0.0000  0.0000
11.450  0.0020  0.0020
11.550  0.0000  0.0000
11.650 -0.0040 -0.0040
11.750  0.0000  0.0000
11.850  0.0017  0.0017
11.950  0.0000  0.0000
