# ICODE=2212, JCODE=-2212
# Normalized GAUSSIAN BF, SIGMA_GAUSS=0.3
# NSAMPLE=100000, Tblast=100, UPERPblast(x,y)=(0.75,0.75)
# BARYON_FUDGE=0.75
# ------- normalization=0.599046 -----------------
#dely    BF
0.050 -0.1973 -0.0175
0.150 -0.2006 -0.0192
0.250 -0.1074 -0.0097
0.350 -0.0984 -0.0090
0.450 -0.0517 -0.0051
0.550 -0.0023 -0.0002
0.650  0.0075  0.0008
0.750  0.0537  0.0053
0.850  0.0203  0.0023
0.950  0.1003  0.0111
1.050  0.1086  0.0125
1.150  0.1070  0.0134
1.250  0.1384  0.0172
1.350  0.2463  0.0266
1.450  0.1539  0.0195
1.550  0.1624  0.0203
1.650  0.1840  0.0238
1.750  0.0847  0.0120
1.850  0.0803  0.0129
1.950  0.0769  0.0136
2.050  0.0784  0.0127
2.150  0.0302  0.0071
2.250  0.0345  0.0066
2.350  0.0113  0.0022
2.450  0.0187  0.0035
2.550 -0.0003 -0.0001
2.650  0.0781  0.0167
2.750 -0.0822 -0.0189
2.850  0.0042  0.0012
2.950 -0.0368 -0.0102
3.050 -0.1141 -0.0296
3.150 -0.0129 -0.0037
3.250 -0.1980 -0.0445
3.350 -0.0601 -0.0151
3.450 -0.0770 -0.0257
3.550 -0.1524 -0.0425
3.650 -0.1083 -0.0362
3.750 -0.0994 -0.0250
3.850 -0.0396 -0.0120
3.950 -0.1189 -0.0454
4.050 -0.1519 -0.0581
4.150 -0.0907 -0.0346
4.250  0.0301  0.0091
4.350 -0.1034 -0.0394
4.450 -0.0538 -0.0191
4.550 -0.2068 -0.0696
4.650 -0.0518 -0.0234
4.750 -0.0675 -0.0338
4.850 -0.0306 -0.0153
4.950 -0.0806 -0.0471
5.050 -0.0215 -0.0108
5.150 -0.0034 -0.0024
5.250 -0.0035 -0.0018
5.350  0.0000  0.0000
5.450 -0.0638 -0.0286
5.550 -0.0170 -0.0170
5.650  0.0000  0.0000
5.750 -0.0023 -0.0023
5.850 -0.0061 -0.0035
5.950  0.0015  0.0015
6.050  0.0334  0.0167
6.150  0.0736  0.0736
6.250  0.0556  0.0322
6.350  0.0291  0.0130
6.450 -0.0001 -0.0001
6.550  0.1115  0.0794
6.650  0.0647  0.0647
6.750  0.0765  0.0765
6.850  0.1102  0.0801
6.950  0.0000  0.0000
7.050  0.0000  0.0000
7.150  0.0000  0.0000
7.250  0.2429  0.1944
7.350  0.0000  0.0000
7.450  0.1376  0.1376
7.550 -0.0115 -0.0115
7.650 -0.0143 -0.0143
7.750  0.4906  0.5080
7.850  0.1600  0.1600
7.950  0.0000  0.0000
8.050  0.0000  0.0000
8.150  0.0000  0.0000
8.250 -0.0399 -0.0399
8.350  0.0000  0.0000
8.450  0.0000  0.0000
8.550  0.8660  0.6138
8.650  0.0000  0.0000
8.750  0.3290  0.3290
8.850  0.0839  0.0839
8.950  0.2889  0.2889
9.050  0.0000  0.0000
9.150  0.0000  0.0000
9.250  0.0000  0.0000
9.350  0.0000  0.0000
9.450  0.0000  0.0000
9.550  0.0000  0.0000
9.650  0.0000  0.0000
9.750  0.0000  0.0000
9.850  0.3054  0.3054
9.950  0.0000  0.0000
10.050  0.3345  0.3345
10.150  0.3527  0.3527
10.250  0.0000  0.0000
10.350  0.7355  0.7355
10.450  0.0000  0.0000
10.550  0.0000  0.0000
10.650  0.2646  0.2646
10.750  0.0000  0.0000
10.850  0.0000  0.0000
10.950  0.0000  0.0000
11.050  0.0000  0.0000
11.150  0.0000  0.0000
11.250  0.0000  0.0000
11.350  0.6205  0.6205
11.450  0.0000  0.0000
11.550  0.0000  0.0000
11.650  0.0000  0.0000
11.750  0.0000  0.0000
11.850  0.0000  0.0000
11.950  0.0000  0.0000
