# ICODE=211, JCODE=-211
# Normalized GAUSSIAN BF, SIGMA_GAUSS=0.3
# NSAMPLE=100000, Tblast=100, UPERPblast(x,y)=(0.75,0.75)
# BARYON_FUDGE=0.75
# ------- normalization=0.98455 -----------------
#dely    BF
0.050  0.5342  0.0033
0.150  0.4650  0.0029
0.250  0.4636  0.0029
0.350  0.4383  0.0027
0.450  0.4833  0.0030
0.550  0.4262  0.0027
0.650  0.3885  0.0026
0.750  0.3959  0.0027
0.850  0.3751  0.0026
0.950  0.3210  0.0023
1.050  0.2908  0.0021
1.150  0.2565  0.0019
1.250  0.2777  0.0022
1.350  0.2510  0.0020
1.450  0.1704  0.0014
1.550  0.1704  0.0015
1.650  0.1106  0.0010
1.750  0.0787  0.0007
1.850  0.0570  0.0005
1.950  0.0678  0.0007
2.050  0.0195  0.0002
2.150  0.0328  0.0004
2.250 -0.0185 -0.0002
2.350 -0.0137 -0.0002
2.450 -0.0188 -0.0002
2.550 -0.0591 -0.0007
2.650 -0.0329 -0.0004
2.750 -0.0281 -0.0004
2.850 -0.0540 -0.0008
2.950 -0.0643 -0.0009
3.050 -0.0420 -0.0006
3.150 -0.0619 -0.0010
3.250 -0.0321 -0.0005
3.350 -0.0641 -0.0011
3.450 -0.0288 -0.0005
3.550 -0.0501 -0.0009
3.650 -0.0452 -0.0008
3.750 -0.0415 -0.0008
3.850 -0.0278 -0.0006
3.950 -0.0349 -0.0007
4.050  0.0105  0.0002
4.150 -0.0289 -0.0006
4.250 -0.0145 -0.0003
4.350  0.0368  0.0009
4.450 -0.0008 -0.0000
4.550  0.0132  0.0003
4.650  0.0199  0.0005
4.750  0.0609  0.0017
4.850  0.0481  0.0014
4.950  0.0149  0.0005
5.050  0.0648  0.0020
5.150  0.0402  0.0014
5.250  0.0549  0.0018
5.350  0.0368  0.0013
5.450  0.0676  0.0025
5.550  0.0091  0.0003
5.650  0.0351  0.0014
5.750  0.0641  0.0026
5.850  0.0780  0.0033
5.950  0.0062  0.0003
6.050  0.0940  0.0043
6.150  0.0881  0.0041
6.250  0.0867  0.0042
6.350  0.0618  0.0030
6.450  0.0766  0.0040
6.550  0.1208  0.0066
6.650  0.1118  0.0060
6.750  0.0768  0.0045
6.850  0.1066  0.0062
6.950  0.0650  0.0042
7.050  0.0138  0.0009
7.150  0.0194  0.0013
7.250  0.0199  0.0013
7.350  0.0354  0.0025
7.450  0.0596  0.0047
7.550  0.0890  0.0069
7.650  0.0654  0.0052
7.750  0.0791  0.0066
7.850  0.0779  0.0069
7.950  0.0153  0.0014
8.050  0.0556  0.0051
8.150  0.0897  0.0085
8.250 -0.0385 -0.0040
8.350  0.0861  0.0083
8.450  0.0241  0.0028
8.550  0.0328  0.0034
8.650  0.0733  0.0090
8.750  0.0357  0.0045
8.850 -0.0005 -0.0001
8.950  0.0757  0.0091
9.050  0.0197  0.0026
9.150  0.0425  0.0062
9.250  0.0125  0.0020
9.350  0.0218  0.0029
9.450  0.0415  0.0065
9.550  0.0317  0.0052
9.650  0.0576  0.0091
9.750  0.0134  0.0023
9.850  0.0589  0.0094
9.950  0.0437  0.0082
10.050  0.0742  0.0177
10.150  0.0666  0.0141
10.250  0.0664  0.0143
10.350  0.0197  0.0037
10.450  0.0443  0.0090
10.550  0.0095  0.0025
10.650  0.0531  0.0147
10.750  0.0160  0.0047
10.850  0.0130  0.0031
10.950  0.0238  0.0066
11.050  0.0140  0.0037
11.150  0.0139  0.0038
11.250  0.0038  0.0013
11.350  0.0715  0.0177
11.450  0.0052  0.0016
11.550 -0.0052 -0.0016
11.650  0.0443  0.0160
11.750  0.0292  0.0093
11.850  0.0223  0.0111
11.950  0.0057  0.0017
