# ICODE=2212, JCODE=-2212
# Normalized GAUSSIAN BF, SIGMA_GAUSS=0.3
# NSAMPLE=100000, Tblast=100, UPERPblast(x,y)=(0.75,0.75)
# BARYON_FUDGE=0.75
# ------- normalization=0.541908 -----------------
#dely    BF
0.050  0.3605  0.0298
0.150  0.4219  0.0341
0.250  0.3578  0.0328
0.350  0.4420  0.0383
0.450  0.3829  0.0362
0.550  0.4861  0.0462
0.650  0.3284  0.0339
0.750  0.3254  0.0309
0.850  0.1882  0.0213
0.950  0.1337  0.0140
1.050  0.0626  0.0074
1.150  0.0778  0.0089
1.250  0.0828  0.0097
1.350  0.0408  0.0060
1.450  0.0378  0.0058
1.550  0.0554  0.0086
1.650  0.0789  0.0111
1.750  0.0935  0.0128
1.850  0.0868  0.0123
1.950  0.0756  0.0114
2.050  0.0755  0.0114
2.150  0.0598  0.0109
2.250  0.0544  0.0096
2.350  0.0364  0.0076
2.450  0.0639  0.0133
2.550  0.0314  0.0070
2.650  0.0179  0.0054
2.750  0.0312  0.0083
2.850  0.0386  0.0096
2.950  0.0518  0.0126
3.050  0.0101  0.0026
3.150 -0.0020 -0.0008
3.250  0.0680  0.0205
3.350  0.1261  0.0366
3.450  0.0318  0.0101
3.550  0.0470  0.0210
3.650  0.0039  0.0016
3.750  0.0928  0.0384
3.850  0.0265  0.0119
3.950 -0.0029 -0.0012
4.050  0.0509  0.0255
4.150  0.0156  0.0070
4.250  0.0837  0.0296
4.350  0.0598  0.0226
4.450  0.0146  0.0073
4.550  0.0003  0.0001
4.650 -0.0003 -0.0002
4.750  0.0663  0.0251
4.850  0.0605  0.0229
4.950  0.1265  0.0572
5.050  0.0151  0.0151
5.150  0.0145  0.0145
5.250  0.0236  0.0136
5.350  0.0582  0.0292
5.450  0.0222  0.0111
5.550  0.0414  0.0207
5.650  0.0314  0.0222
5.750  0.0629  0.0315
5.850  0.0507  0.0293
5.950  0.0203  0.0143
6.050  0.0000  0.0000
6.150  0.0000  0.0000
6.250  0.0183  0.0183
6.350  0.0189  0.0189
6.450  0.0097  0.0097
6.550  0.0088  0.0062
6.650  0.0200  0.0141
6.750  0.0000  0.0000
6.850 -0.0163 -0.0163
6.950  0.0000  0.0000
7.050  0.0000  0.0000
7.150  0.0000  0.0000
7.250  0.0000  0.0000
7.350  0.0000  0.0000
7.450  0.0000  0.0000
7.550 -0.0068 -0.0068
7.650  0.0013  0.0013
7.750  0.0000  0.0000
7.850  0.0000  0.0000
7.950  0.0000  0.0000
8.050  0.0000  0.0000
8.150 -0.0843 -0.0424
8.250  0.0000  0.0000
8.350  0.0000  0.0000
8.450  0.0000  0.0000
8.550  0.0000  0.0000
8.650  0.0000  0.0000
8.750 -0.0466 -0.0466
8.850  0.0000  0.0000
8.950  0.0000  0.0000
9.050  0.0000  0.0000
9.150  0.0000  0.0000
9.250  0.0000  0.0000
9.350  0.0000  0.0000
9.450  0.0000  0.0000
9.550  0.0000  0.0000
9.650 -0.0387 -0.0387
9.750 -0.0488 -0.0488
9.850  0.0000  0.0000
9.950  0.0000  0.0000
10.050  0.0000  0.0000
10.150  0.0000  0.0000
10.250  0.0000  0.0000
10.350  0.0000  0.0000
10.450 -0.1357 -0.1357
10.550  0.0000  0.0000
10.650  0.0000  0.0000
10.750  0.0000  0.0000
10.850  0.0000  0.0000
10.950 -0.0797 -0.0797
11.050  0.0000  0.0000
11.150  0.0000  0.0000
11.250  0.0000  0.0000
11.350  0.0000  0.0000
11.450  0.0000  0.0000
11.550  0.0000  0.0000
11.650  0.0000  0.0000
11.750  0.0000  0.0000
11.850  0.0000  0.0000
11.950  0.0000  0.0000
