# ICODE=211, JCODE=-211
# Normalized GAUSSIAN BF, SIGMA_GAUSS=0.3
# NSAMPLE=100000, Tblast=100, UPERPblast(x,y)=(0.75,0.75)
# BARYON_FUDGE=0.75
# ------- normalization=0.909043 -----------------
#dely    BF
0.050  1.0778  0.0066
0.150  1.0414  0.0064
0.250  1.0104  0.0062
0.350  0.9553  0.0060
0.450  1.0495  0.0066
0.550  1.0444  0.0067
0.650  1.0016  0.0065
0.750  0.9054  0.0061
0.850  0.9465  0.0065
0.950  0.8386  0.0059
1.050  0.8621  0.0063
1.150  0.7685  0.0058
1.250  0.8125  0.0063
1.350  0.8190  0.0066
1.450  0.7550  0.0063
1.550  0.7674  0.0066
1.650  0.7519  0.0068
1.750  0.6938  0.0065
1.850  0.6330  0.0061
1.950  0.6299  0.0064
2.050  0.6447  0.0067
2.150  0.5848  0.0063
2.250  0.5332  0.0060
2.350  0.4741  0.0056
2.450  0.5167  0.0063
2.550  0.4504  0.0057
2.650  0.3760  0.0050
2.750  0.3681  0.0050
2.850  0.3080  0.0044
2.950  0.2143  0.0032
3.050  0.2063  0.0032
3.150  0.1957  0.0031
3.250  0.1563  0.0026
3.350  0.1016  0.0017
3.450  0.0857  0.0015
3.550  0.0270  0.0005
3.650 -0.0121 -0.0002
3.750 -0.0465 -0.0009
3.850 -0.0733 -0.0015
3.950 -0.0766 -0.0016
4.050 -0.0987 -0.0021
4.150 -0.1285 -0.0030
4.250 -0.1411 -0.0034
4.350 -0.1587 -0.0039
4.450 -0.1933 -0.0049
4.550 -0.1913 -0.0050
4.650 -0.2009 -0.0055
4.750 -0.1631 -0.0047
4.850 -0.2527 -0.0072
4.950 -0.2319 -0.0072
5.050 -0.2488 -0.0077
5.150 -0.1839 -0.0060
5.250 -0.1800 -0.0062
5.350 -0.2566 -0.0091
5.450 -0.2594 -0.0092
5.550 -0.1506 -0.0056
5.650 -0.2414 -0.0092
5.750 -0.2087 -0.0083
5.850 -0.2053 -0.0084
5.950 -0.2027 -0.0087
6.050 -0.2336 -0.0103
6.150 -0.1848 -0.0083
6.250 -0.2346 -0.0110
6.350 -0.2754 -0.0133
6.450 -0.2599 -0.0130
6.550 -0.2393 -0.0127
6.650 -0.2644 -0.0134
6.750 -0.2251 -0.0129
6.850 -0.1796 -0.0101
6.950 -0.2170 -0.0133
7.050 -0.2516 -0.0154
7.150 -0.2559 -0.0166
7.250 -0.2333 -0.0146
7.350 -0.1705 -0.0115
7.450 -0.2283 -0.0153
7.550 -0.1405 -0.0099
7.650 -0.1661 -0.0122
7.750 -0.1526 -0.0122
7.850 -0.1848 -0.0152
7.950 -0.1664 -0.0133
8.050 -0.2096 -0.0176
8.150 -0.1823 -0.0169
8.250 -0.1136 -0.0111
8.350 -0.2107 -0.0197
8.450 -0.1451 -0.0141
8.550 -0.1230 -0.0131
8.650 -0.1564 -0.0156
8.750 -0.2011 -0.0220
8.850 -0.2353 -0.0259
8.950 -0.1065 -0.0120
9.050 -0.0996 -0.0114
9.150 -0.1559 -0.0208
9.250 -0.1871 -0.0236
9.350 -0.1067 -0.0137
9.450 -0.1766 -0.0233
9.550 -0.0983 -0.0150
9.650 -0.1186 -0.0161
9.750 -0.2244 -0.0353
9.850 -0.0714 -0.0117
9.950 -0.0519 -0.0086
10.050  0.0019  0.0003
10.150 -0.0668 -0.0128
10.250 -0.0523 -0.0098
10.350  0.0040  0.0008
10.450 -0.1439 -0.0272
10.550 -0.0715 -0.0136
10.650 -0.1743 -0.0431
10.750  0.0176  0.0035
10.850 -0.0783 -0.0185
10.950 -0.1619 -0.0561
11.050 -0.0028 -0.0006
11.150 -0.0370 -0.0077
11.250 -0.0292 -0.0094
11.350 -0.0821 -0.0227
11.450 -0.0138 -0.0032
11.550 -0.0347 -0.0089
11.650 -0.0469 -0.0159
11.750 -0.0187 -0.0091
11.850 -0.0471 -0.0149
11.950 -0.1544 -0.0518
