# ICODE=211, JCODE=-2212
# Normalized GAUSSIAN BF, SIGMA_GAUSS=0.3
# NSAMPLE=100000, Tblast=100, UPERPblast(x,y)=(0.75,0.75)
# BARYON_FUDGE=0.75
# ------- normalization=0.0448739 -----------------
#dely    BF
0.050  0.0492  0.0011
0.150  0.0586  0.0013
0.250  0.0783  0.0018
0.350  0.0482  0.0011
0.450  0.0241  0.0006
0.550  0.0196  0.0005
0.650  0.0096  0.0003
0.750  0.0111  0.0003
0.850  0.0027  0.0001
0.950 -0.0000 -0.0000
1.050  0.0171  0.0005
1.150 -0.0113 -0.0004
1.250  0.0073  0.0002
1.350  0.0071  0.0002
1.450 -0.0114 -0.0004
1.550  0.0144  0.0005
1.650  0.0018  0.0001
1.750  0.0132  0.0005
1.850  0.0045  0.0002
1.950  0.0190  0.0007
2.050  0.0191  0.0008
2.150  0.0025  0.0001
2.250 -0.0055 -0.0002
2.350  0.0067  0.0003
2.450  0.0127  0.0006
2.550  0.0208  0.0009
2.650  0.0124  0.0006
2.750  0.0024  0.0001
2.850  0.0138  0.0007
2.950  0.0052  0.0003
3.050  0.0080  0.0004
3.150  0.0062  0.0003
3.250  0.0112  0.0006
3.350  0.0009  0.0001
3.450  0.0074  0.0004
3.550  0.0069  0.0004
3.650 -0.0005 -0.0000
3.750  0.0089  0.0006
3.850 -0.0042 -0.0003
3.950 -0.0058 -0.0004
4.050  0.0057  0.0004
4.150  0.0055  0.0004
4.250 -0.0036 -0.0003
4.350 -0.0006 -0.0000
4.450  0.0125  0.0010
4.550  0.0018  0.0001
4.650 -0.0132 -0.0013
4.750  0.0102  0.0010
4.850 -0.0359 -0.0033
4.950  0.0017  0.0002
5.050 -0.0009 -0.0001
5.150 -0.0119 -0.0012
5.250 -0.0007 -0.0001
5.350  0.0102  0.0011
5.450  0.0010  0.0001
5.550  0.0030  0.0004
5.650 -0.0083 -0.0010
5.750 -0.0358 -0.0040
5.850 -0.0162 -0.0019
5.950 -0.0053 -0.0007
6.050 -0.0031 -0.0004
6.150  0.0110  0.0016
6.250 -0.0185 -0.0029
6.350 -0.0134 -0.0020
6.450  0.0028  0.0004
6.550 -0.0360 -0.0052
6.650  0.0026  0.0004
6.750  0.0026  0.0004
6.850 -0.0181 -0.0034
6.950 -0.0027 -0.0004
7.050 -0.0131 -0.0028
7.150 -0.0004 -0.0001
7.250  0.0235  0.0046
7.350  0.0023  0.0005
7.450 -0.0134 -0.0024
7.550  0.0154  0.0036
7.650  0.0115  0.0026
7.750  0.0084  0.0020
7.850  0.0299  0.0065
7.950  0.0048  0.0010
8.050 -0.0056 -0.0014
8.150  0.0053  0.0013
8.250  0.0318  0.0116
8.350 -0.0032 -0.0010
8.450 -0.0179 -0.0054
8.550  0.0055  0.0013
8.650  0.0086  0.0029
8.750  0.0332  0.0101
8.850 -0.0129 -0.0033
8.950  0.0388  0.0105
9.050 -0.0001 -0.0000
9.150  0.0149  0.0042
9.250 -0.0042 -0.0012
9.350  0.0014  0.0005
9.450 -0.0162 -0.0048
9.550 -0.0019 -0.0007
9.650  0.0040  0.0018
9.750 -0.0055 -0.0028
9.850 -0.0011 -0.0004
9.950  0.0013  0.0008
10.050  0.0064  0.0032
10.150  0.0047  0.0024
10.250  0.0000  0.0000
10.350  0.0022  0.0013
10.450 -0.0017 -0.0008
10.550 -0.0054 -0.0029
10.650 -0.0397 -0.0217
10.750 -0.0033 -0.0017
10.850  0.0000  0.0000
10.950  0.0026  0.0013
11.050  0.0027  0.0010
11.150  0.0045  0.0028
11.250  0.0026  0.0026
11.350  0.0000  0.0000
11.450  0.0038  0.0027
11.550 -0.0032 -0.0023
11.650  0.0000  0.0000
11.750  0.0000  0.0000
11.850  0.0000  0.0000
11.950  0.0000  0.0000
