# ICODE=211, JCODE=-321
# Normalized GAUSSIAN BF, SIGMA_GAUSS=0.3
# NSAMPLE=100000, Tblast=100, UPERPblast(x,y)=(0.75,0.75)
# BARYON_FUDGE=0.75
# ------- normalization=0.0790267 -----------------
#dely    BF
0.050  0.0270  0.0005
0.150  0.0205  0.0004
0.250  0.0338  0.0006
0.350  0.0190  0.0003
0.450  0.0326  0.0006
0.550  0.0181  0.0003
0.650  0.0230  0.0004
0.750  0.0219  0.0004
0.850  0.0291  0.0006
0.950  0.0180  0.0003
1.050  0.0144  0.0003
1.150  0.0196  0.0004
1.250  0.0187  0.0004
1.350  0.0291  0.0006
1.450  0.0202  0.0004
1.550  0.0334  0.0007
1.650  0.0264  0.0006
1.750  0.0268  0.0006
1.850  0.0320  0.0008
1.950  0.0306  0.0008
2.050  0.0270  0.0007
2.150  0.0281  0.0007
2.250  0.0258  0.0007
2.350  0.0446  0.0012
2.450  0.0310  0.0009
2.550  0.0253  0.0008
2.650  0.0299  0.0009
2.750  0.0328  0.0010
2.850  0.0185  0.0006
2.950  0.0246  0.0008
3.050  0.0282  0.0009
3.150  0.0180  0.0006
3.250  0.0214  0.0008
3.350  0.0118  0.0004
3.450  0.0215  0.0008
3.550  0.0178  0.0007
3.650  0.0148  0.0006
3.750  0.0251  0.0011
3.850  0.0181  0.0007
3.950 -0.0049 -0.0002
4.050  0.0115  0.0005
4.150  0.0101  0.0005
4.250  0.0010  0.0000
4.350  0.0036  0.0002
4.450  0.0033  0.0002
4.550  0.0047  0.0003
4.650  0.0079  0.0004
4.750  0.0052  0.0003
4.850  0.0007  0.0000
4.950  0.0061  0.0003
5.050  0.0023  0.0001
5.150  0.0106  0.0006
5.250  0.0040  0.0003
5.350  0.0026  0.0002
5.450 -0.0042 -0.0003
5.550 -0.0000 -0.0000
5.650 -0.0067 -0.0005
5.750 -0.0039 -0.0003
5.850 -0.0006 -0.0000
5.950  0.0029  0.0002
6.050 -0.0065 -0.0005
6.150 -0.0059 -0.0005
6.250 -0.0003 -0.0000
6.350 -0.0023 -0.0002
6.450 -0.0011 -0.0001
6.550 -0.0012 -0.0001
6.650 -0.0039 -0.0003
6.750 -0.0033 -0.0003
6.850 -0.0014 -0.0001
6.950 -0.0016 -0.0002
7.050 -0.0008 -0.0001
7.150 -0.0040 -0.0004
7.250 -0.0093 -0.0011
7.350  0.0002  0.0000
7.450 -0.0016 -0.0002
7.550 -0.0027 -0.0003
7.650  0.0022  0.0003
7.750  0.0022  0.0003
7.850 -0.0086 -0.0011
7.950 -0.0052 -0.0008
8.050 -0.0044 -0.0007
8.150 -0.0013 -0.0002
8.250 -0.0125 -0.0018
8.350 -0.0067 -0.0011
8.450  0.0034  0.0006
8.550  0.0010  0.0001
8.650  0.0017  0.0003
8.750 -0.0022 -0.0004
8.850  0.0104  0.0021
8.950  0.0051  0.0009
9.050 -0.0092 -0.0018
9.150 -0.0040 -0.0007
9.250  0.0178  0.0033
9.350  0.0184  0.0036
9.450 -0.0056 -0.0013
9.550 -0.0054 -0.0010
9.650 -0.0086 -0.0016
9.750 -0.0049 -0.0010
9.850 -0.0041 -0.0009
9.950  0.0096  0.0022
10.050  0.0102  0.0026
10.150 -0.0156 -0.0042
10.250 -0.0073 -0.0020
10.350 -0.0042 -0.0016
10.450  0.0152  0.0048
10.550 -0.0121 -0.0039
10.650  0.0058  0.0014
10.750 -0.0188 -0.0047
10.850  0.0024  0.0007
10.950 -0.0085 -0.0022
11.050  0.0027  0.0011
11.150 -0.0092 -0.0039
11.250 -0.0212 -0.0065
11.350  0.0050  0.0022
11.450  0.0122  0.0057
11.550  0.0051  0.0030
11.650  0.0001  0.0000
11.750  0.0001  0.0000
11.850 -0.0080 -0.0038
11.950 -0.0456 -0.0197
