# ICODE=211, JCODE=-211
# Normalized GAUSSIAN BF, SIGMA_GAUSS=0.3
# NSAMPLE=100000, Tblast=100, UPERPblast(x,y)=(0.75,0.75)
# BARYON_FUDGE=0.75
# ------- normalization=0.288945 -----------------
#dely    BF
0.050  0.3613  0.0026
0.150  0.3741  0.0028
0.250  0.3261  0.0025
0.350  0.3108  0.0026
0.450  0.2894  0.0026
0.550  0.2473  0.0024
0.650  0.2232  0.0024
0.750  0.1965  0.0024
0.850  0.1510  0.0020
0.950  0.1323  0.0020
1.050  0.1004  0.0018
1.150  0.0599  0.0012
1.250  0.0493  0.0012
1.350  0.0388  0.0012
1.450  0.0162  0.0006
1.550  0.0106  0.0005
1.650  0.0023  0.0002
1.750 -0.0002 -0.0000
