# ICODE=211, JCODE=-211
# Normalized GAUSSIAN BF, SIGMA_GAUSS=0.3
# NSAMPLE=1000000, Tblast=100, UPERPblast(x,y)=(0.75,0.75)
# BARYON_FUDGE=0.75
# ------- normalization=0.219163 -----------------
#dely    BF
0.050  0.2853  0.0007
0.150  0.2691  0.0007
0.250  0.2527  0.0007
0.350  0.2352  0.0006
0.450  0.2120  0.0006
0.550  0.1831  0.0006
0.650  0.1622  0.0006
0.750  0.1381  0.0005
0.850  0.1156  0.0005
0.950  0.0944  0.0005
1.050  0.0759  0.0004
1.150  0.0586  0.0004
1.250  0.0437  0.0003
1.350  0.0303  0.0003
1.450  0.0201  0.0002
1.550  0.0115  0.0002
1.650  0.0034  0.0001
1.750  0.0004  0.0000
