# ICODE=321, JCODE=-321
# Normalized GAUSSIAN BF, SIGMA_GAUSS=0.3
# NSAMPLE=500000, Tblast=100, UPERPblast(x,y)=(0.75,0.75)
# BARYON_FUDGE=0.75
# ------- normalization=0.0594026 -----------------
#dely    BF
0.050  0.0770  0.0022
0.150  0.0822  0.0024
0.250  0.0791  0.0024
0.350  0.0637  0.0020
0.450  0.0625  0.0021
0.550  0.0538  0.0019
0.650  0.0432  0.0017
0.750  0.0418  0.0017
0.850  0.0265  0.0012
0.950  0.0180  0.0009
1.050  0.0158  0.0009
1.150  0.0120  0.0008
1.250  0.0094  0.0008
1.350  0.0062  0.0007
1.450  0.0017  0.0002
1.550  0.0012  0.0004
1.650  0.0000  0.0000
1.750  0.0000  0.0000
