# ICODE=321, JCODE=-321
# Normalized GAUSSIAN BF, SIGMA_GAUSS=0.3
# NSAMPLE=100000, Tblast=100, UPERPblast(x,y)=(0.75,0.75)
# BARYON_FUDGE=0.75
# ------- normalization=0.533928 -----------------
#dely    BF
0.050 -0.2758 -0.0097
0.150 -0.2213 -0.0084
0.250 -0.2664 -0.0100
0.350 -0.2642 -0.0096
0.450 -0.1256 -0.0047
0.550 -0.1219 -0.0047
0.650 -0.0951 -0.0038
0.750 -0.0654 -0.0027
0.850  0.0532  0.0023
0.950  0.0342  0.0015
1.050  0.0688  0.0032
1.150  0.0974  0.0046
1.250  0.1623  0.0082
1.350  0.1952  0.0103
1.450  0.1656  0.0087
1.550  0.1181  0.0068
1.650  0.1419  0.0086
1.750  0.2828  0.0169
1.850  0.1999  0.0132
1.950  0.1659  0.0108
2.050  0.2086  0.0140
2.150  0.1886  0.0136
2.250  0.1693  0.0139
2.350  0.1672  0.0130
2.450  0.1878  0.0147
2.550  0.2311  0.0191
2.650  0.1887  0.0171
2.750  0.2418  0.0211
2.850  0.2327  0.0216
2.950  0.1249  0.0123
3.050  0.1344  0.0135
3.150  0.1088  0.0130
3.250  0.0906  0.0101
3.350  0.1019  0.0119
3.450  0.1331  0.0160
3.550  0.1127  0.0134
3.650  0.0601  0.0084
3.750  0.0854  0.0109
3.850  0.0594  0.0081
3.950  0.0908  0.0119
4.050  0.0604  0.0092
4.150  0.0934  0.0130
4.250  0.0595  0.0094
4.350  0.0144  0.0028
4.450  0.0458  0.0080
4.550  0.0404  0.0071
4.650  0.0186  0.0041
4.750  0.0331  0.0065
4.850  0.0270  0.0060
4.950  0.0351  0.0069
5.050  0.0296  0.0053
5.150  0.0669  0.0146
5.250  0.0118  0.0030
5.350  0.0042  0.0011
5.450  0.0042  0.0016
5.550  0.0512  0.0171
5.650  0.0100  0.0030
5.750 -0.0222 -0.0062
5.850  0.0225  0.0063
5.950  0.0147  0.0049
6.050  0.0341  0.0103
6.150  0.0178  0.0073
6.250  0.0136  0.0052
6.350  0.0016  0.0006
6.450  0.0412  0.0139
6.550  0.0069  0.0028
6.650  0.0285  0.0143
6.750  0.0029  0.0015
6.850  0.0275  0.0160
6.950  0.0435  0.0254
7.050  0.0705  0.0357
7.150 -0.0097 -0.0068
7.250  0.0109  0.0055
7.350  0.0167  0.0119
7.450 -0.0495 -0.0248
7.550  0.0000  0.0000
7.650  0.0000  0.0000
7.750  0.0132  0.0132
7.850 -0.0089 -0.0045
7.950  0.0437  0.0257
8.050  0.0000  0.0000
8.150 -0.0243 -0.0243
8.250  0.0722  0.0417
8.350  0.0301  0.0301
8.450 -0.0356 -0.0165
8.550 -0.0304 -0.0304
8.650  0.0000  0.0000
8.750  0.0049  0.0035
8.850  0.0251  0.0179
8.950  0.0000  0.0000
9.050  0.0333  0.0333
9.150  0.0305  0.0218
9.250  0.0000  0.0000
9.350  0.0322  0.0322
9.450  0.0268  0.0268
9.550  0.0724  0.0549
9.650  0.0000  0.0000
9.750  0.0000  0.0000
9.850  0.0000  0.0000
9.950  0.0000  0.0000
10.050  0.0919  0.0726
10.150  0.0370  0.0370
10.250  0.0000  0.0000
10.350 -0.0465 -0.0465
10.450  0.0347  0.0347
10.550  0.0889  0.0630
10.650  0.0000  0.0000
10.750 -0.0436 -0.0436
10.850  0.0000  0.0000
10.950  0.0487  0.0487
11.050  0.1054  0.0858
11.150  0.0000  0.0000
11.250  0.0000  0.0000
11.350  0.0000  0.0000
11.450  0.0505  0.0505
11.550  0.0000  0.0000
11.650  0.0589  0.0589
11.750  0.0000  0.0000
11.850  0.0000  0.0000
11.950  0.0000  0.0000
