# ICODE=211, JCODE=-2212
# Normalized GAUSSIAN BF, SIGMA_GAUSS=0.3
# NSAMPLE=100000, Tblast=100, UPERPblast(x,y)=(0.75,0.75)
# BARYON_FUDGE=0.75
# ------- normalization=0.0401782 -----------------
#dely    BF
0.050  0.0377  0.0008
0.150  0.0360  0.0008
0.250  0.0363  0.0008
0.350  0.0341  0.0007
0.450  0.0155  0.0004
0.550 -0.0041 -0.0001
0.650 -0.0157 -0.0004
0.750 -0.0241 -0.0006
0.850 -0.0249 -0.0007
0.950 -0.0272 -0.0008
1.050 -0.0240 -0.0007
1.150 -0.0252 -0.0008
1.250 -0.0268 -0.0008
1.350 -0.0263 -0.0008
1.450 -0.0345 -0.0012
1.550 -0.0268 -0.0009
1.650 -0.0247 -0.0009
1.750 -0.0060 -0.0002
1.850 -0.0198 -0.0008
1.950 -0.0122 -0.0005
2.050 -0.0221 -0.0009
2.150 -0.0054 -0.0002
2.250 -0.0042 -0.0002
2.350 -0.0122 -0.0006
2.450 -0.0126 -0.0006
2.550 -0.0132 -0.0006
2.650 -0.0169 -0.0008
2.750 -0.0181 -0.0010
2.850 -0.0056 -0.0003
2.950 -0.0146 -0.0008
3.050 -0.0048 -0.0003
3.150  0.0031  0.0002
3.250 -0.0010 -0.0001
3.350 -0.0054 -0.0004
3.450  0.0028  0.0002
3.550 -0.0025 -0.0002
3.650  0.0047  0.0003
3.750 -0.0012 -0.0001
3.850 -0.0067 -0.0005
3.950  0.0124  0.0009
4.050  0.0039  0.0004
4.150  0.0067  0.0006
4.250 -0.0048 -0.0004
4.350 -0.0008 -0.0001
4.450  0.0102  0.0009
4.550  0.0033  0.0003
4.650  0.0180  0.0018
4.750  0.0205  0.0023
4.850 -0.0031 -0.0003
4.950 -0.0033 -0.0004
5.050  0.0201  0.0025
5.150  0.0002  0.0000
5.250  0.0063  0.0008
5.350  0.0330  0.0048
5.450  0.0256  0.0040
5.550  0.0182  0.0024
5.650  0.0283  0.0044
5.750 -0.0025 -0.0003
5.850  0.0277  0.0039
5.950  0.0139  0.0023
6.050  0.0234  0.0043
6.150  0.0074  0.0012
6.250 -0.0109 -0.0020
6.350  0.0134  0.0023
6.450 -0.0017 -0.0004
6.550 -0.0003 -0.0001
6.650  0.0113  0.0022
6.750 -0.0085 -0.0015
6.850  0.0035  0.0007
6.950  0.0187  0.0042
7.050 -0.0077 -0.0021
7.150 -0.0122 -0.0027
7.250  0.0088  0.0020
7.350  0.0034  0.0009
7.450  0.0101  0.0025
7.550 -0.0413 -0.0143
7.650  0.0139  0.0035
7.750 -0.0036 -0.0015
7.850  0.0094  0.0026
7.950  0.0110  0.0031
8.050 -0.0144 -0.0038
8.150  0.0021  0.0009
8.250 -0.0010 -0.0003
8.350  0.0034  0.0011
8.450  0.0002  0.0001
8.550  0.0077  0.0025
8.650  0.0060  0.0018
8.750 -0.0002 -0.0001
8.850  0.0104  0.0043
8.950  0.0343  0.0131
9.050 -0.0138 -0.0058
9.150 -0.0071 -0.0042
9.250  0.0019  0.0009
9.350  0.0007  0.0004
9.450  0.0190  0.0097
9.550 -0.0019 -0.0011
9.650  0.0034  0.0020
9.750  0.0040  0.0029
9.850  0.0010  0.0006
9.950  0.0293  0.0178
10.050 -0.0036 -0.0015
10.150  0.0063  0.0035
10.250  0.0031  0.0016
10.350  0.0000  0.0000
10.450  0.0124  0.0095
10.550  0.0070  0.0043
10.650 -0.0000 -0.0000
10.750 -0.0111 -0.0084
10.850  0.0214  0.0105
10.950  0.0048  0.0035
11.050  0.0000  0.0000
11.150  0.0071  0.0071
11.250  0.0100  0.0063
11.350  0.0000  0.0000
11.450 -0.0069 -0.0069
11.550  0.0000  0.0000
11.650 -0.0132 -0.0102
11.750  0.0000  0.0000
11.850  0.0000  0.0000
11.950 -0.0522 -0.0732
