# ICODE=321, JCODE=-321
# Normalized GAUSSIAN BF, SIGMA_GAUSS=0.3
# NSAMPLE=100000, Tblast=100, UPERPblast(x,y)=(0.75,0.75)
# BARYON_FUDGE=0.75
# ------- normalization=0.395777 -----------------
#dely    BF
0.050 -0.0827 -0.0030
0.150 -0.1037 -0.0040
0.250 -0.0862 -0.0033
0.350 -0.0926 -0.0035
0.450 -0.0590 -0.0023
0.550 -0.0642 -0.0026
0.650 -0.0498 -0.0021
0.750 -0.0654 -0.0028
0.850 -0.0458 -0.0020
0.950 -0.0348 -0.0016
1.050  0.0010  0.0000
1.150  0.0016  0.0001
1.250  0.0148  0.0008
1.350  0.0103  0.0006
1.450  0.0464  0.0025
1.550  0.0355  0.0021
1.650  0.0643  0.0037
1.750  0.0691  0.0043
1.850  0.0743  0.0047
1.950  0.0737  0.0052
2.050  0.0945  0.0066
2.150  0.1419  0.0097
2.250  0.1542  0.0113
2.350  0.1644  0.0124
2.450  0.1869  0.0143
2.550  0.1877  0.0158
2.650  0.2051  0.0177
2.750  0.1896  0.0176
2.850  0.2197  0.0199
2.950  0.2591  0.0254
3.050  0.2932  0.0277
3.150  0.2396  0.0245
3.250  0.3268  0.0333
3.350  0.2266  0.0245
3.450  0.2504  0.0275
3.550  0.3054  0.0338
3.650  0.2991  0.0342
3.750  0.1744  0.0224
3.850  0.2318  0.0280
3.950  0.2050  0.0270
4.050  0.1862  0.0245
4.150  0.2016  0.0270
4.250  0.3240  0.0421
4.350  0.2770  0.0366
4.450  0.0974  0.0135
4.550  0.2202  0.0346
4.650  0.1069  0.0172
4.750  0.0684  0.0108
4.850  0.1167  0.0226
4.950  0.1442  0.0234
5.050  0.2119  0.0352
5.150  0.0158  0.0028
5.250  0.0716  0.0115
5.350  0.0714  0.0136
5.450  0.1200  0.0210
5.550  0.0464  0.0095
5.650 -0.0288 -0.0050
5.750 -0.0495 -0.0120
5.850  0.0298  0.0077
5.950 -0.0429 -0.0084
6.050 -0.0181 -0.0045
6.150  0.0169  0.0041
6.250  0.0342  0.0077
6.350  0.0062  0.0018
6.450 -0.0509 -0.0170
6.550 -0.0291 -0.0064
6.650 -0.0195 -0.0065
6.750 -0.0332 -0.0090
6.850  0.0050  0.0018
6.950 -0.0223 -0.0100
7.050 -0.0279 -0.0090
7.150 -0.0360 -0.0109
7.250 -0.0907 -0.0244
7.350  0.1251  0.0355
7.450  0.0056  0.0023
7.550  0.0254  0.0105
7.650 -0.0494 -0.0165
7.750 -0.0520 -0.0214
7.850 -0.0403 -0.0236
7.950 -0.0328 -0.0124
8.050 -0.0204 -0.0077
8.150 -0.0592 -0.0266
8.250 -0.0206 -0.0093
8.350  0.0017  0.0017
8.450  0.0000  0.0000
8.550 -0.0136 -0.0068
8.650  0.0013  0.0013
8.750 -0.0478 -0.0282
8.850 -0.0047 -0.0025
8.950  0.0000  0.0000
9.050  0.0000  0.0000
9.150 -0.0283 -0.0203
9.250 -0.0128 -0.0068
9.350 -0.0584 -0.0264
9.450 -0.0328 -0.0236
9.550  0.0000  0.0000
9.650  0.0000  0.0000
9.750 -0.0310 -0.0310
9.850 -0.0361 -0.0265
9.950  0.0000  0.0000
10.050  0.0000  0.0000
10.150 -0.0412 -0.0412
10.250 -0.0377 -0.0377
10.350 -0.0399 -0.0289
10.450 -0.0332 -0.0332
10.550  0.0000  0.0000
10.650 -0.0897 -0.0704
10.750  0.0000  0.0000
10.850  0.0000  0.0000
10.950  0.0000  0.0000
11.050  0.0154  0.0089
11.150  0.0000  0.0000
11.250 -0.1601 -0.1055
11.350  0.0000  0.0000
11.450  0.0184  0.0131
11.550 -0.0429 -0.0312
11.650 -0.0479 -0.0479
11.750  0.0000  0.0000
11.850 -0.0627 -0.0627
11.950  0.0000  0.0000
