# ICODE=211, JCODE=-211
# Normalized GAUSSIAN BF, SIGMA_GAUSS=0.3
# NSAMPLE=100000, Tblast=100, UPERPblast(x,y)=(0.75,0.75)
# BARYON_FUDGE=0.75
# ------- normalization=0.878839 -----------------
#dely    BF
0.050 -0.2596 -0.0015
0.150 -0.2406 -0.0014
0.250 -0.2611 -0.0016
0.350 -0.1890 -0.0011
0.450 -0.1878 -0.0012
0.550 -0.1706 -0.0011
0.650 -0.1373 -0.0009
0.750 -0.1676 -0.0011
0.850 -0.1573 -0.0011
0.950 -0.1482 -0.0010
1.050 -0.1524 -0.0011
1.150 -0.1588 -0.0012
1.250 -0.1977 -0.0015
1.350 -0.2100 -0.0017
1.450 -0.2217 -0.0018
1.550 -0.1970 -0.0017
1.650 -0.1776 -0.0016
1.750 -0.2104 -0.0020
1.850 -0.1974 -0.0019
1.950 -0.2155 -0.0022
2.050 -0.2262 -0.0024
2.150 -0.2060 -0.0023
2.250 -0.1933 -0.0022
2.350 -0.2119 -0.0025
2.450 -0.1761 -0.0022
2.550 -0.1990 -0.0026
2.650 -0.1755 -0.0024
2.750 -0.1743 -0.0024
2.850 -0.1601 -0.0023
2.950 -0.1713 -0.0026
3.050 -0.1423 -0.0022
3.150 -0.1463 -0.0024
3.250 -0.1125 -0.0019
3.350 -0.1385 -0.0025
3.450 -0.1112 -0.0020
3.550 -0.0946 -0.0018
3.650 -0.0886 -0.0018
3.750 -0.0582 -0.0012
3.850 -0.0526 -0.0011
3.950 -0.0329 -0.0007
4.050 -0.0161 -0.0004
4.150  0.0165  0.0004
4.250 -0.0112 -0.0003
4.350  0.0294  0.0008
4.450  0.0114  0.0003
4.550  0.0744  0.0020
4.650  0.0807  0.0023
4.750  0.1160  0.0035
4.850  0.0901  0.0028
4.950  0.1066  0.0035
5.050  0.1367  0.0046
5.150  0.1149  0.0040
5.250  0.1419  0.0052
5.350  0.1774  0.0067
5.450  0.1600  0.0061
5.550  0.1015  0.0041
5.650  0.2900  0.0121
5.750  0.1545  0.0069
5.850  0.2111  0.0096
5.950  0.2921  0.0136
6.050  0.2752  0.0136
6.150  0.2411  0.0121
6.250  0.3059  0.0159
6.350  0.3537  0.0193
6.450  0.2569  0.0144
6.550  0.2465  0.0143
6.650  0.3378  0.0197
6.750  0.4025  0.0263
6.850  0.2301  0.0158
6.950  0.2905  0.0186
7.050  0.3054  0.0224
7.150  0.2645  0.0193
7.250  0.2232  0.0181
7.350  0.2394  0.0197
7.450  0.3790  0.0335
7.550  0.2302  0.0204
7.650  0.4037  0.0372
7.750  0.1683  0.0163
7.850  0.1781  0.0181
7.950  0.3776  0.0368
8.050  0.1921  0.0231
8.150  0.2292  0.0270
8.250  0.3032  0.0380
8.350  0.4402  0.0558
8.450  0.1605  0.0218
8.550  0.1768  0.0247
8.650  0.3069  0.0491
8.750  0.2961  0.0465
8.850  0.3409  0.0531
8.950  0.1996  0.0319
9.050  0.1441  0.0233
9.150  0.3231  0.0607
9.250  0.2140  0.0402
9.350  0.1277  0.0262
9.450  0.0415  0.0073
9.550  0.0797  0.0155
9.650  0.1393  0.0299
9.750  0.0656  0.0176
9.850  0.0258  0.0065
9.950  0.4068  0.1275
10.050  0.1654  0.0542
10.150  0.0516  0.0131
10.250  0.1197  0.0423
10.350  0.3339  0.1973
10.450 -0.0285 -0.0075
10.550  0.1064  0.0358
10.650  0.0821  0.0312
10.750  0.1296  0.0376
10.850  0.0528  0.0237
10.950  0.0088  0.0024
11.050  0.1108  0.0449
11.150  0.0403  0.0250
11.250  0.2717  0.1549
11.350  0.0425  0.0178
11.450  0.0511  0.0331
11.550  0.0801  0.0489
11.650  0.0706  0.0354
11.750 -0.0568 -0.0398
11.850  0.0962  0.0553
11.950  0.1988  0.1663
