# ICODE=321, JCODE=-321
# Normalized GAUSSIAN BF, SIGMA_GAUSS=0.3
# NSAMPLE=100000, Tblast=100, UPERPblast(x,y)=(0.75,0.75)
# BARYON_FUDGE=0.75
# ------- normalization=0.553366 -----------------
#dely    BF
0.050  0.5926  0.0217
0.150  0.6472  0.0235
0.250  0.6303  0.0226
0.350  0.5841  0.0208
0.450  0.6610  0.0241
0.550  0.5958  0.0225
0.650  0.5233  0.0205
0.750  0.4857  0.0198
0.850  0.3186  0.0135
0.950  0.2552  0.0109
1.050  0.1116  0.0051
1.150  0.1300  0.0066
1.250  0.0285  0.0014
1.350 -0.1132 -0.0059
1.450 -0.1479 -0.0079
1.550 -0.1588 -0.0086
1.650 -0.2471 -0.0147
1.750 -0.1987 -0.0123
1.850 -0.2041 -0.0128
1.950 -0.1940 -0.0129
2.050 -0.1184 -0.0082
2.150 -0.2036 -0.0145
2.250 -0.0935 -0.0070
2.350 -0.1258 -0.0098
2.450 -0.0754 -0.0065
2.550 -0.0986 -0.0082
2.650 -0.0800 -0.0077
2.750 -0.0421 -0.0039
2.850 -0.0531 -0.0050
2.950 -0.0353 -0.0034
3.050 -0.0212 -0.0024
3.150 -0.0573 -0.0070
3.250 -0.0239 -0.0029
3.350 -0.0197 -0.0028
3.450 -0.0574 -0.0071
3.550 -0.0384 -0.0050
3.650 -0.0209 -0.0030
3.750 -0.0393 -0.0059
3.850 -0.0332 -0.0055
3.950 -0.0407 -0.0064
4.050 -0.0280 -0.0048
4.150 -0.0230 -0.0043
4.250 -0.0270 -0.0052
4.350 -0.0290 -0.0051
4.450 -0.0092 -0.0020
4.550 -0.0013 -0.0003
4.650 -0.0149 -0.0038
4.750 -0.0173 -0.0040
4.850 -0.0054 -0.0012
4.950 -0.0095 -0.0025
5.050  0.0036  0.0009
5.150  0.0038  0.0010
5.250  0.0027  0.0007
5.350  0.0170  0.0041
5.450  0.0037  0.0026
5.550  0.0195  0.0069
5.650  0.0075  0.0028
5.750  0.0121  0.0043
5.850  0.0088  0.0029
5.950  0.0087  0.0036
6.050  0.0432  0.0131
6.150  0.0265  0.0133
6.250  0.0289  0.0168
6.350  0.0149  0.0086
6.450  0.0165  0.0055
6.550  0.0307  0.0178
6.650  0.0586  0.0210
6.750  0.0371  0.0188
6.850  0.0120  0.0046
6.950  0.0202  0.0144
7.050  0.0539  0.0222
7.150  0.0147  0.0074
7.250  0.0745  0.0438
7.350 -0.0031 -0.0018
7.450  0.0451  0.0329
7.550  0.0000  0.0000
7.650  0.0383  0.0383
7.750  0.2215  0.0781
7.850  0.0407  0.0241
7.950  0.0350  0.0178
8.050  0.0558  0.0558
8.150 -0.0899 -0.0533
8.250  0.0000  0.0000
8.350  0.0483  0.0353
8.450 -0.0640 -0.0473
8.550  0.0000  0.0000
8.650  0.0000  0.0000
8.750 -0.0104 -0.0074
8.850 -0.0151 -0.0091
8.950  0.0000  0.0000
9.050  0.0000  0.0000
9.150  0.0849  0.0849
9.250  0.0000  0.0000
9.350  0.0000  0.0000
9.450  0.1274  0.0844
9.550  0.1727  0.1670
9.650  0.0000  0.0000
9.750  0.1064  0.1064
9.850  0.0000  0.0000
9.950  0.1000  0.1000
10.050  0.0000  0.0000
10.150  0.0000  0.0000
10.250  0.0000  0.0000
10.350  0.0000  0.0000
10.450  0.0000  0.0000
10.550  0.0000  0.0000
10.650  0.0000  0.0000
10.750  0.1212  0.1025
10.850  0.0000  0.0000
10.950  0.1474  0.1474
11.050  0.1718  0.1718
11.150  0.1433  0.1433
11.250  0.0000  0.0000
11.350  0.0000  0.0000
11.450  0.0000  0.0000
11.550  0.1546  0.1546
11.650  0.0000  0.0000
11.750  0.0000  0.0000
11.850  0.0000  0.0000
11.950  0.0000  0.0000
