# ICODE=211, JCODE=-2212
# Normalized GAUSSIAN BF, SIGMA_GAUSS=0.3
# NSAMPLE=100000, Tblast=100, UPERPblast(x,y)=(0.75,0.75)
# BARYON_FUDGE=0.75
# ------- normalization=0.0477899 -----------------
#dely    BF
0.050  0.0793  0.0018
0.150  0.0803  0.0018
0.250  0.0814  0.0020
0.350  0.0446  0.0011
0.450  0.0604  0.0015
0.550  0.0304  0.0008
0.650  0.0318  0.0009
0.750  0.0280  0.0008
0.850  0.0132  0.0004
0.950  0.0197  0.0006
1.050  0.0166  0.0005
1.150  0.0248  0.0008
1.250  0.0198  0.0006
1.350  0.0338  0.0011
1.450  0.0116  0.0004
1.550  0.0352  0.0013
1.650 -0.0025 -0.0001
1.750  0.0226  0.0008
1.850  0.0216  0.0008
1.950  0.0138  0.0005
2.050  0.0260  0.0010
2.150  0.0324  0.0013
2.250  0.0056  0.0002
2.350  0.0190  0.0008
2.450  0.0173  0.0007
2.550  0.0165  0.0007
2.650  0.0220  0.0010
2.750  0.0077  0.0004
2.850  0.0111  0.0006
2.950  0.0236  0.0012
3.050  0.0081  0.0004
3.150  0.0251  0.0013
3.250  0.0233  0.0012
3.350  0.0035  0.0002
3.450  0.0309  0.0017
3.550  0.0067  0.0004
3.650  0.0115  0.0007
3.750  0.0068  0.0004
3.850 -0.0027 -0.0002
3.950  0.0081  0.0005
4.050  0.0044  0.0003
4.150  0.0133  0.0010
4.250  0.0067  0.0005
4.350  0.0051  0.0004
4.450  0.0051  0.0004
4.550 -0.0050 -0.0005
4.650  0.0043  0.0004
4.750 -0.0089 -0.0008
4.850  0.0100  0.0009
4.950 -0.0120 -0.0012
5.050  0.0038  0.0003
5.150 -0.0102 -0.0009
5.250 -0.0024 -0.0002
5.350 -0.0110 -0.0011
5.450 -0.0045 -0.0005
5.550  0.0169  0.0017
5.650 -0.0068 -0.0007
5.750  0.0026  0.0003
5.850 -0.0209 -0.0026
5.950  0.0039  0.0004
6.050 -0.0182 -0.0022
6.150 -0.0059 -0.0008
6.250  0.0056  0.0008
6.350 -0.0193 -0.0025
6.450 -0.0089 -0.0012
6.550 -0.0029 -0.0004
6.650 -0.0228 -0.0033
6.750  0.0237  0.0040
6.850 -0.0281 -0.0048
6.950 -0.0213 -0.0037
7.050  0.0241  0.0042
7.150 -0.0098 -0.0017
7.250  0.0192  0.0044
7.350 -0.0179 -0.0035
7.450  0.0136  0.0025
7.550 -0.0261 -0.0049
7.650 -0.0105 -0.0021
7.750 -0.0188 -0.0037
7.850 -0.0663 -0.0142
7.950 -0.0200 -0.0043
8.050  0.0294  0.0077
8.150 -0.0028 -0.0007
8.250 -0.0285 -0.0067
8.350  0.0106  0.0026
8.450 -0.0156 -0.0034
8.550 -0.0062 -0.0019
8.650 -0.0314 -0.0087
8.750 -0.0100 -0.0036
8.850 -0.0254 -0.0070
8.950 -0.0043 -0.0013
9.050 -0.0031 -0.0009
9.150 -0.0044 -0.0013
9.250 -0.0369 -0.0103
9.350  0.0006  0.0002
9.450  0.0000  0.0000
9.550 -0.0127 -0.0054
9.650 -0.0003 -0.0001
9.750 -0.0094 -0.0039
9.850 -0.0349 -0.0154
9.950  0.0086  0.0022
10.050 -0.0011 -0.0005
10.150  0.0113  0.0048
10.250  0.0204  0.0118
10.350 -0.0063 -0.0026
10.450  0.0000  0.0000
10.550  0.0129  0.0148
10.650  0.0489  0.0395
10.750  0.0000  0.0000
10.850 -0.0256 -0.0158
10.950 -0.0011 -0.0006
11.050 -0.0116 -0.0042
11.150 -0.0140 -0.0081
11.250  0.0000  0.0000
11.350 -0.0048 -0.0034
11.450  0.0000  0.0000
11.550 -0.0010 -0.0006
11.650  0.0256  0.0123
11.750 -0.0099 -0.0046
11.850 -0.0337 -0.0355
11.950 -0.0164 -0.0080
