# ICODE=211, JCODE=-321
# Normalized GAUSSIAN BF, SIGMA_GAUSS=0.3
# NSAMPLE=100000, Tblast=100, UPERPblast(x,y)=(0.75,0.75)
# BARYON_FUDGE=0.75
# ------- normalization=0.116805 -----------------
#dely    BF
0.050  0.0611  0.0009
0.150  0.0562  0.0008
0.250  0.0725  0.0011
0.350  0.0428  0.0006
0.450  0.0683  0.0011
0.550  0.0466  0.0007
0.650  0.0455  0.0007
0.750  0.0487  0.0008
0.850  0.0432  0.0008
0.950  0.0218  0.0004
1.050  0.0084  0.0002
1.150  0.0178  0.0003
1.250 -0.0117 -0.0002
1.350  0.0010  0.0000
1.450 -0.0044 -0.0001
1.550 -0.0202 -0.0005
1.650 -0.0214 -0.0005
1.750 -0.0214 -0.0005
1.850 -0.0228 -0.0006
1.950 -0.0277 -0.0008
2.050 -0.0291 -0.0008
2.150 -0.0243 -0.0007
2.250 -0.0226 -0.0007
2.350 -0.0195 -0.0006
2.450 -0.0289 -0.0010
2.550 -0.0334 -0.0012
2.650 -0.0225 -0.0008
2.750 -0.0196 -0.0007
2.850 -0.0164 -0.0006
2.950 -0.0234 -0.0009
3.050 -0.0171 -0.0007
3.150 -0.0188 -0.0008
3.250 -0.0233 -0.0010
3.350 -0.0163 -0.0008
3.450 -0.0150 -0.0007
3.550 -0.0155 -0.0007
3.650 -0.0116 -0.0006
3.750 -0.0161 -0.0008
3.850 -0.0104 -0.0006
3.950 -0.0118 -0.0006
4.050 -0.0114 -0.0006
4.150 -0.0088 -0.0005
4.250 -0.0047 -0.0003
4.350 -0.0068 -0.0004
4.450 -0.0065 -0.0004
4.550 -0.0061 -0.0004
4.650 -0.0063 -0.0004
4.750 -0.0032 -0.0002
4.850 -0.0039 -0.0003
4.950 -0.0019 -0.0001
5.050 -0.0019 -0.0001
5.150 -0.0033 -0.0002
5.250 -0.0034 -0.0003
5.350 -0.0023 -0.0002
5.450 -0.0003 -0.0000
5.550 -0.0020 -0.0002
5.650 -0.0024 -0.0002
5.750 -0.0031 -0.0003
5.850 -0.0015 -0.0001
5.950 -0.0009 -0.0001
6.050 -0.0004 -0.0000
6.150  0.0008  0.0001
6.250  0.0007  0.0001
6.350  0.0009  0.0001
6.450  0.0011  0.0001
6.550  0.0008  0.0001
6.650  0.0018  0.0002
6.750  0.0010  0.0001
6.850  0.0015  0.0002
6.950  0.0010  0.0001
7.050  0.0042  0.0005
7.150  0.0021  0.0003
7.250  0.0042  0.0005
7.350  0.0042  0.0006
7.450  0.0057  0.0008
7.550  0.0043  0.0007
7.650  0.0048  0.0006
7.750  0.0005  0.0001
7.850  0.0032  0.0006
7.950  0.0067  0.0011
8.050  0.0062  0.0010
8.150  0.0042  0.0008
8.250  0.0007  0.0001
8.350  0.0112  0.0016
8.450 -0.0046 -0.0010
8.550  0.0111  0.0021
8.650  0.0130  0.0029
8.750  0.0076  0.0018
8.850  0.0071  0.0017
8.950  0.0069  0.0014
9.050  0.0031  0.0006
9.150  0.0144  0.0033
9.250  0.0188  0.0045
9.350  0.0122  0.0025
9.450  0.0160  0.0032
9.550  0.0073  0.0017
9.650  0.0085  0.0020
9.750  0.0018  0.0006
9.850 -0.0026 -0.0008
9.950  0.0181  0.0044
10.050  0.0035  0.0011
10.150  0.0061  0.0022
10.250  0.0258  0.0079
10.350  0.0025  0.0007
10.450  0.0204  0.0063
10.550  0.0106  0.0032
10.650  0.0115  0.0027
10.750  0.0188  0.0096
10.850  0.0092  0.0030
10.950  0.0191  0.0062
11.050  0.0113  0.0069
11.150  0.0145  0.0070
11.250  0.0085  0.0062
11.350  0.0177  0.0072
11.450  0.0214  0.0075
11.550  0.0000  0.0000
11.650  0.0346  0.0135
11.750  0.0351  0.0161
11.850 -0.0156 -0.0096
11.950 -0.0024 -0.0010
