# ICODE=211, JCODE=-2212
# Normalized GAUSSIAN BF, SIGMA_GAUSS=0.3
# NSAMPLE=100000, Tblast=100, UPERPblast(x,y)=(0.75,0.75)
# BARYON_FUDGE=0.75
# ------- normalization=0.0307993 -----------------
#dely    BF
0.050  0.0769  0.0016
0.150  0.0633  0.0014
0.250  0.0620  0.0014
0.350  0.0476  0.0011
0.450  0.0303  0.0007
0.550  0.0178  0.0004
0.650  0.0165  0.0004
0.750  0.0099  0.0003
0.850  0.0109  0.0003
0.950  0.0030  0.0001
1.050 -0.0058 -0.0002
1.150  0.0213  0.0007
1.250  0.0035  0.0001
1.350  0.0142  0.0005
1.450  0.0166  0.0006
1.550  0.0054  0.0002
1.650  0.0065  0.0003
1.750  0.0085  0.0003
1.850  0.0083  0.0003
1.950  0.0141  0.0006
2.050  0.0098  0.0004
2.150  0.0002  0.0000
2.250  0.0054  0.0002
2.350  0.0039  0.0002
2.450  0.0052  0.0003
2.550  0.0078  0.0004
2.650  0.0123  0.0006
2.750  0.0049  0.0003
2.850  0.0050  0.0003
2.950 -0.0025 -0.0001
3.050  0.0021  0.0001
3.150  0.0017  0.0001
3.250  0.0009  0.0001
3.350 -0.0018 -0.0001
3.450 -0.0003 -0.0000
3.550 -0.0004 -0.0000
3.650  0.0028  0.0002
3.750 -0.0066 -0.0004
3.850 -0.0041 -0.0003
3.950 -0.0007 -0.0000
4.050 -0.0012 -0.0001
4.150  0.0030  0.0002
4.250 -0.0050 -0.0004
4.350 -0.0047 -0.0004
4.450 -0.0123 -0.0011
4.550 -0.0071 -0.0006
4.650 -0.0027 -0.0002
4.750 -0.0037 -0.0003
4.850 -0.0050 -0.0005
4.950  0.0010  0.0001
5.050 -0.0065 -0.0006
5.150 -0.0095 -0.0010
5.250 -0.0124 -0.0014
5.350 -0.0114 -0.0012
5.450 -0.0091 -0.0009
5.550 -0.0031 -0.0003
5.650 -0.0018 -0.0002
5.750 -0.0103 -0.0012
5.850 -0.0024 -0.0003
5.950 -0.0003 -0.0000
6.050 -0.0067 -0.0010
6.150  0.0014  0.0002
6.250 -0.0041 -0.0005
6.350 -0.0041 -0.0005
6.450 -0.0028 -0.0004
6.550  0.0035  0.0005
6.650 -0.0038 -0.0005
6.750  0.0029  0.0005
6.850 -0.0025 -0.0004
6.950 -0.0019 -0.0003
7.050  0.0113  0.0021
7.150 -0.0074 -0.0013
7.250  0.0015  0.0003
7.350  0.0068  0.0012
7.450 -0.0002 -0.0000
7.550 -0.0115 -0.0020
7.650 -0.0020 -0.0004
7.750 -0.0016 -0.0003
7.850 -0.0005 -0.0001
7.950 -0.0001 -0.0000
8.050 -0.0102 -0.0022
8.150  0.0060  0.0014
8.250  0.0047  0.0010
8.350 -0.0017 -0.0004
8.450  0.0086  0.0022
8.550 -0.0107 -0.0023
8.650  0.0022  0.0006
8.750  0.0056  0.0017
8.850  0.0023  0.0006
8.950 -0.0042 -0.0012
9.050  0.0000  0.0000
9.150  0.0042  0.0016
9.250 -0.0012 -0.0004
9.350 -0.0123 -0.0045
9.450  0.0006  0.0002
9.550  0.0027  0.0009
9.650  0.0011  0.0003
9.750 -0.0007 -0.0002
9.850  0.0019  0.0006
9.950 -0.0075 -0.0029
10.050 -0.0049 -0.0019
10.150 -0.0043 -0.0013
10.250  0.0021  0.0010
10.350 -0.0072 -0.0020
10.450 -0.0007 -0.0003
10.550  0.0007  0.0003
10.650 -0.0116 -0.0045
10.750  0.0001  0.0000
10.850  0.0007  0.0003
10.950  0.0022  0.0013
11.050  0.0005  0.0003
11.150  0.0029  0.0012
11.250  0.0000  0.0000
11.350  0.0026  0.0015
11.450  0.0053  0.0027
11.550 -0.0019 -0.0011
11.650  0.0001  0.0001
11.750 -0.0029 -0.0014
11.850  0.0000  0.0000
11.950  0.0006  0.0006
