# ICODE=211, JCODE=-211
# Normalized GAUSSIAN BF, SIGMA_GAUSS=0.3
# NSAMPLE=1000000, Tblast=100, UPERPblast(x,y)=(0.75,0.75)
# BARYON_FUDGE=0.75
# ------- normalization=0.202515 -----------------
#dely    BF
0.050  0.2463  0.0007
0.150  0.2316  0.0007
0.250  0.2242  0.0007
0.350  0.2093  0.0006
0.450  0.1851  0.0006
0.550  0.1702  0.0006
0.650  0.1519  0.0006
0.750  0.1333  0.0005
0.850  0.1171  0.0005
0.950  0.0956  0.0005
1.050  0.0776  0.0004
1.150  0.0618  0.0004
1.250  0.0461  0.0003
1.350  0.0320  0.0003
1.450  0.0232  0.0002
1.550  0.0145  0.0002
1.650  0.0047  0.0001
1.750  0.0006  0.0000
