# ICODE=321, JCODE=-2212
# Normalized GAUSSIAN BF, SIGMA_GAUSS=0.3
# NSAMPLE=100000, Tblast=100, UPERPblast(x,y)=(0.75,0.75)
# BARYON_FUDGE=0.75
# ------- normalization=0.0043127 -----------------
#dely    BF
0.050  0.0104  0.0006
0.150  0.0530  0.0032
0.250  0.1051  0.0058
0.350  0.0978  0.0059
0.450  0.1041  0.0064
0.550  0.1390  0.0088
0.650  0.1695  0.0107
0.750  0.1368  0.0093
0.850  0.1551  0.0103
0.950  0.1665  0.0119
1.050  0.1353  0.0102
1.150  0.1494  0.0112
1.250  0.1161  0.0095
1.350  0.1263  0.0103
1.450  0.1181  0.0100
1.550  0.1194  0.0107
1.650  0.0856  0.0085
1.750  0.0765  0.0078
1.850  0.0793  0.0077
1.950  0.0715  0.0073
2.050  0.0845  0.0080
2.150 -0.0004 -0.0000
2.250  0.0226  0.0024
2.350  0.0164  0.0020
2.450  0.0127  0.0015
2.550 -0.0025 -0.0003
2.650 -0.0095 -0.0012
2.750 -0.0211 -0.0036
2.850  0.0043  0.0006
2.950 -0.0466 -0.0065
3.050 -0.0513 -0.0077
3.150 -0.0994 -0.0137
3.250 -0.0348 -0.0080
3.350 -0.1192 -0.0182
3.450 -0.0960 -0.0175
3.550 -0.1144 -0.0213
3.650 -0.1115 -0.0229
3.750 -0.0945 -0.0186
3.850 -0.1414 -0.0273
3.950 -0.1054 -0.0237
4.050 -0.1426 -0.0321
4.150 -0.1271 -0.0310
4.250 -0.1122 -0.0258
4.350 -0.0784 -0.0203
4.450 -0.0977 -0.0297
4.550 -0.0616 -0.0171
4.650 -0.0791 -0.0282
4.750 -0.1482 -0.0452
4.850 -0.1425 -0.0384
4.950 -0.0401 -0.0202
5.050 -0.0323 -0.0114
5.150 -0.0364 -0.0149
5.250 -0.0390 -0.0160
5.350  0.0091  0.0033
5.450 -0.0001 -0.0001
5.550 -0.0532 -0.0178
5.650 -0.0834 -0.0298
5.750 -0.0518 -0.0212
5.850 -0.0337 -0.0152
5.950  0.0016  0.0006
6.050 -0.0526 -0.0218
6.150 -0.0082 -0.0058
6.250  0.0073  0.0030
6.350 -0.0207 -0.0120
6.450 -0.0344 -0.0155
6.550 -0.0210 -0.0150
6.650  0.0527  0.0208
6.750 -0.0114 -0.0066
6.850  0.0000  0.0000
6.950 -0.0114 -0.0114
7.050 -0.0011 -0.0006
7.150  0.0000  0.0000
7.250 -0.0123 -0.0087
7.350  0.0320  0.0237
7.450 -0.0021 -0.0021
7.550  0.0000  0.0000
7.650  0.0000  0.0000
7.750 -0.0408 -0.0289
7.850  0.0790  0.0512
7.950  0.0000  0.0000
8.050 -0.0139 -0.0139
8.150  0.0000  0.0000
8.250 -0.0268 -0.0192
8.350  0.0000  0.0000
8.450 -0.0299 -0.0299
8.550  0.0000  0.0000
8.650  0.0879  0.0879
8.750  0.0000  0.0000
8.850  0.0000  0.0000
8.950  0.0000  0.0000
9.050  0.0000  0.0000
9.150  0.0000  0.0000
9.250  0.0000  0.0000
9.350  0.0000  0.0000
9.450  0.0000  0.0000
9.550  0.0000  0.0000
9.650  0.0000  0.0000
9.750  0.0000  0.0000
9.850  0.0000  0.0000
9.950  0.0000  0.0000
10.050 -0.0351 -0.0351
10.150  0.0000  0.0000
10.250  0.0000  0.0000
10.350  0.0000  0.0000
10.450  0.0000  0.0000
10.550  0.0000  0.0000
10.650  0.0000  0.0000
10.750  0.0000  0.0000
10.850  0.0000  0.0000
10.950  0.0000  0.0000
11.050 -0.0422 -0.0306
11.150  0.0000  0.0000
11.250  0.2126  0.2126
11.350 -0.0230 -0.0230
11.450  0.0000  0.0000
11.550  0.0000  0.0000
11.650  0.0000  0.0000
11.750  0.0000  0.0000
11.850  0.0000  0.0000
11.950  0.0000  0.0000
