# ICODE=1701080941, JCODE=0
# Normalized GAUSSIAN BF, SIGMA_GAUSS=0.3
# NSAMPLE=100000, Tblast=100, UPERPblast(x,y)=(0.75,0.75)
# BARYON_FUDGE=0.75
# ------- normalization=1.03862 -----------------
#dely    BF
0.050  1.3338  0.0068
0.150  1.2225  0.0062
0.250  1.1828  0.0060
0.350  1.0963  0.0057
0.450  0.9712  0.0051
0.550  0.8080  0.0044
0.650  0.6245  0.0034
0.750  0.5030  0.0029
0.850  0.4143  0.0024
0.950  0.2956  0.0018
1.050  0.1965  0.0012
1.150  0.1476  0.0009
1.250  0.0297  0.0002
1.350  0.0513  0.0003
1.450 -0.0103 -0.0001
1.550 -0.0522 -0.0004
1.650 -0.1250 -0.0009
1.750 -0.1091 -0.0009
1.850 -0.1181 -0.0010
1.950 -0.1611 -0.0013
2.050 -0.1497 -0.0013
2.150 -0.1391 -0.0013
2.250 -0.1360 -0.0013
2.350 -0.1239 -0.0012
2.450 -0.1328 -0.0013
2.550 -0.1519 -0.0015
2.650 -0.1346 -0.0014
2.750 -0.1197 -0.0013
2.850 -0.1132 -0.0013
2.950 -0.1039 -0.0012
3.050 -0.0812 -0.0010
3.150 -0.0971 -0.0012
3.250 -0.0804 -0.0010
3.350 -0.0655 -0.0008
3.450 -0.0714 -0.0010
3.550 -0.0561 -0.0008
3.650 -0.0331 -0.0005
3.750 -0.0466 -0.0007
3.850 -0.0452 -0.0007
3.950 -0.0260 -0.0004
4.050 -0.0261 -0.0004
4.150 -0.0115 -0.0002
4.250  0.0010  0.0000
4.350 -0.0049 -0.0001
4.450  0.0015  0.0000
4.550 -0.0072 -0.0001
4.650  0.0004  0.0000
4.750  0.0268  0.0005
4.850  0.0257  0.0005
4.950  0.0249  0.0005
5.050  0.0270  0.0006
5.150  0.0317  0.0007
5.250  0.0341  0.0008
5.350  0.0321  0.0007
5.450  0.0205  0.0005
5.550  0.0336  0.0008
5.650  0.0565  0.0015
5.750  0.0466  0.0012
5.850  0.0359  0.0010
5.950  0.0569  0.0016
6.050  0.0416  0.0012
6.150  0.0459  0.0014
6.250  0.0730  0.0022
6.350  0.0379  0.0011
6.450  0.0499  0.0016
6.550 -0.0098 -0.0003
6.650  0.0467  0.0016
6.750  0.0186  0.0006
6.850  0.0422  0.0015
6.950  0.0886  0.0033
7.050  0.0642  0.0025
7.150  0.0348  0.0014
7.250 -0.0023 -0.0001
7.350  0.0676  0.0027
7.450 -0.0301 -0.0013
7.550  0.0456  0.0020
7.650  0.0677  0.0031
7.750 -0.0003 -0.0000
7.850  0.0921  0.0043
7.950  0.1100  0.0055
8.050  0.1317  0.0064
8.150  0.0265  0.0014
8.250  0.0920  0.0048
8.350  0.0882  0.0048
8.450 -0.0312 -0.0017
8.550  0.0421  0.0025
8.650  0.0122  0.0007
8.750  0.0127  0.0008
8.850  0.0362  0.0023
8.950  0.0585  0.0037
9.050  0.0288  0.0020
9.150  0.0928  0.0063
9.250  0.1310  0.0098
9.350  0.0433  0.0032
9.450  0.0445  0.0035
9.550  0.0316  0.0026
9.650  0.1027  0.0084
9.750 -0.0826 -0.0069
9.850 -0.0045 -0.0004
9.950  0.0884  0.0084
10.050  0.0349  0.0031
10.150  0.0012  0.0001
10.250 -0.0018 -0.0002
10.350  0.0198  0.0020
10.450  0.0474  0.0052
10.550  0.0348  0.0037
10.650 -0.0920 -0.0108
10.750  0.0652  0.0071
10.850  0.0185  0.0023
10.950  0.1111  0.0151
11.050 -0.0055 -0.0007
11.150  0.0042  0.0005
11.250 -0.1422 -0.0236
11.350 -0.0687 -0.0122
11.450  0.0370  0.0056
11.550  0.0362  0.0060
11.650  0.0179  0.0026
11.750 -0.0217 -0.0033
11.850  0.0686  0.0158
11.950  0.5116  0.0000
