# ICODE=211, JCODE=-2212
# Normalized GAUSSIAN BF, SIGMA_GAUSS=0.3
# NSAMPLE=100000, Tblast=100, UPERPblast(x,y)=(0.75,0.75)
# BARYON_FUDGE=0.75
# ------- normalization=0.0358626 -----------------
#dely    BF
0.050  0.0821  0.0016
0.150  0.0678  0.0014
0.250  0.0790  0.0016
0.350  0.0617  0.0013
0.450  0.0410  0.0009
0.550  0.0267  0.0006
0.650  0.0051  0.0001
0.750  0.0069  0.0002
0.850  0.0023  0.0001
0.950  0.0024  0.0001
1.050 -0.0099 -0.0003
1.150 -0.0117 -0.0003
1.250 -0.0055 -0.0002
1.350 -0.0095 -0.0003
1.450 -0.0126 -0.0004
1.550 -0.0112 -0.0004
1.650 -0.0109 -0.0004
1.750 -0.0121 -0.0005
1.850 -0.0125 -0.0005
1.950 -0.0010 -0.0000
2.050 -0.0027 -0.0001
2.150 -0.0016 -0.0001
2.250  0.0081  0.0004
2.350 -0.0023 -0.0001
2.450 -0.0003 -0.0000
2.550  0.0039  0.0002
2.650  0.0047  0.0003
2.750 -0.0007 -0.0000
2.850 -0.0012 -0.0001
2.950  0.0112  0.0008
3.050 -0.0025 -0.0002
3.150  0.0092  0.0006
3.250  0.0070  0.0005
3.350  0.0112  0.0009
3.450  0.0074  0.0006
3.550  0.0057  0.0005
3.650 -0.0005 -0.0000
3.750  0.0002  0.0000
3.850  0.0019  0.0002
3.950  0.0010  0.0001
4.050 -0.0038 -0.0004
4.150  0.0017  0.0002
4.250  0.0009  0.0001
4.350  0.0053  0.0007
4.450  0.0072  0.0009
4.550 -0.0040 -0.0005
4.650 -0.0081 -0.0011
4.750 -0.0003 -0.0000
4.850 -0.0027 -0.0005
4.950  0.0049  0.0008
5.050  0.0007  0.0001
5.150  0.0036  0.0006
5.250  0.0019  0.0003
5.350  0.0051  0.0009
5.450 -0.0037 -0.0008
5.550  0.0021  0.0004
5.650  0.0047  0.0011
5.750 -0.0031 -0.0006
5.850  0.0010  0.0002
5.950  0.0062  0.0015
6.050 -0.0017 -0.0004
6.150 -0.0011 -0.0003
6.250  0.0041  0.0013
6.350  0.0033  0.0008
6.450  0.0004  0.0001
6.550 -0.0017 -0.0005
6.650 -0.0009 -0.0003
6.750  0.0014  0.0005
6.850 -0.0004 -0.0001
6.950  0.0019  0.0008
7.050  0.0002  0.0001
7.150 -0.0011 -0.0005
7.250  0.0019  0.0007
7.350  0.0021  0.0007
7.450 -0.0004 -0.0001
7.550 -0.0009 -0.0009
7.650 -0.0007 -0.0003
7.750  0.0000  0.0000
7.850 -0.0003 -0.0002
7.950 -0.0007 -0.0004
8.050  0.0007  0.0004
8.150 -0.0014 -0.0007
8.250 -0.0000 -0.0000
8.350  0.0004  0.0004
8.450 -0.0027 -0.0019
8.550  0.0000  0.0000
8.650 -0.0000 -0.0000
8.750  0.0000  0.0000
8.850  0.0000  0.0000
8.950 -0.0004 -0.0004
9.050  0.0000  0.0000
9.150  0.0000  0.0000
9.250 -0.0000 -0.0000
9.350  0.0000  0.0000
9.450  0.0000  0.0000
9.550  0.0000  0.0000
9.650 -0.0004 -0.0003
9.750  0.0000  0.0000
9.850  0.0000  0.0000
9.950  0.0000  0.0000
10.050  0.0000  0.0000
10.150  0.0000  0.0000
10.250  0.0000  0.0000
10.350  0.0000  0.0000
10.450  0.0000  0.0000
10.550 -0.0012 -0.0012
10.650  0.0000  0.0000
10.750  0.0000  0.0000
10.850  0.0000  0.0000
10.950  0.0000  0.0000
11.050 -0.0010 -0.0010
11.150  0.0012  0.0012
11.250  0.0000  0.0000
11.350  0.0000  0.0000
11.450  0.0000  0.0000
11.550  0.0000  0.0000
11.650  0.0000  0.0000
11.750  0.0000  0.0000
11.850  0.0000  0.0000
11.950  0.0000  0.0000
