# ICODE=211, JCODE=-321
# Normalized GAUSSIAN BF, SIGMA_GAUSS=0.3
# NSAMPLE=100000, Tblast=100, UPERPblast(x,y)=(0.75,0.75)
# BARYON_FUDGE=0.75
# ------- normalization=0.0854115 -----------------
#dely    BF
0.050  0.1399  0.0023
0.150  0.1855  0.0030
0.250  0.1642  0.0027
0.350  0.1258  0.0021
0.450  0.1504  0.0025
0.550  0.1484  0.0025
0.650  0.1042  0.0019
0.750  0.0644  0.0012
0.850  0.0777  0.0015
0.950  0.0794  0.0015
1.050  0.0542  0.0010
1.150  0.0525  0.0010
1.250  0.0436  0.0009
1.350  0.0381  0.0008
1.450  0.0203  0.0004
1.550  0.0169  0.0004
1.650  0.0188  0.0004
1.750  0.0044  0.0001
1.850 -0.0023 -0.0001
1.950  0.0007  0.0000
2.050  0.0053  0.0001
2.150 -0.0107 -0.0003
2.250 -0.0141 -0.0004
2.350 -0.0190 -0.0005
2.450 -0.0094 -0.0003
2.550 -0.0110 -0.0003
2.650 -0.0100 -0.0003
2.750 -0.0150 -0.0005
2.850 -0.0172 -0.0006
2.950 -0.0127 -0.0004
3.050 -0.0188 -0.0007
3.150 -0.0024 -0.0001
3.250 -0.0174 -0.0007
3.350 -0.0119 -0.0005
3.450 -0.0363 -0.0014
3.550 -0.0201 -0.0008
3.650 -0.0207 -0.0009
3.750 -0.0250 -0.0011
3.850 -0.0296 -0.0013
3.950 -0.0163 -0.0007
4.050 -0.0247 -0.0012
4.150 -0.0298 -0.0015
4.250 -0.0142 -0.0007
4.350 -0.0183 -0.0010
4.450 -0.0252 -0.0013
4.550 -0.0157 -0.0009
4.650 -0.0179 -0.0010
4.750 -0.0278 -0.0016
4.850 -0.0112 -0.0007
4.950 -0.0261 -0.0016
5.050 -0.0153 -0.0010
5.150 -0.0222 -0.0014
5.250 -0.0288 -0.0019
5.350 -0.0213 -0.0015
5.450 -0.0160 -0.0011
5.550 -0.0285 -0.0020
5.650 -0.0190 -0.0013
5.750 -0.0088 -0.0006
5.850 -0.0263 -0.0020
5.950 -0.0291 -0.0023
6.050 -0.0118 -0.0010
6.150 -0.0097 -0.0008
6.250 -0.0089 -0.0008
6.350 -0.0128 -0.0011
6.450 -0.0052 -0.0005
6.550 -0.0141 -0.0013
6.650 -0.0051 -0.0005
6.750 -0.0128 -0.0013
6.850 -0.0096 -0.0010
6.950 -0.0122 -0.0012
7.050 -0.0082 -0.0009
7.150 -0.0088 -0.0010
7.250  0.0033  0.0004
7.350 -0.0106 -0.0013
7.450 -0.0091 -0.0011
7.550  0.0037  0.0005
7.650 -0.0051 -0.0006
7.750 -0.0089 -0.0011
7.850  0.0010  0.0001
7.950 -0.0016 -0.0002
8.050 -0.0102 -0.0016
8.150 -0.0059 -0.0010
8.250  0.0063  0.0009
8.350  0.0038  0.0006
8.450 -0.0036 -0.0006
8.550 -0.0066 -0.0011
8.650 -0.0023 -0.0004
8.750 -0.0027 -0.0004
8.850 -0.0027 -0.0005
8.950  0.0055  0.0010
9.050  0.0118  0.0023
9.150  0.0032  0.0006
9.250  0.0008  0.0002
9.350 -0.0062 -0.0013
9.450  0.0047  0.0010
9.550 -0.0022 -0.0005
9.650 -0.0060 -0.0011
9.750  0.0117  0.0029
9.850 -0.0047 -0.0009
9.950  0.0051  0.0014
10.050 -0.0049 -0.0012
10.150 -0.0052 -0.0016
10.250  0.0048  0.0014
10.350  0.0066  0.0020
10.450 -0.0073 -0.0021
10.550  0.0145  0.0049
10.650  0.0080  0.0021
10.750  0.0228  0.0069
10.850 -0.0122 -0.0052
10.950 -0.0031 -0.0011
11.050 -0.0027 -0.0009
11.150 -0.0149 -0.0044
11.250  0.0119  0.0070
11.350  0.0042  0.0012
11.450 -0.0044 -0.0022
11.550 -0.0008 -0.0003
11.650  0.0039  0.0020
11.750  0.0027  0.0012
11.850  0.0101  0.0033
11.950  0.0256  0.0094
