# ICODE=211, JCODE=-211
# Normalized GAUSSIAN BF, SIGMA_GAUSS=0.3
# NSAMPLE=100000, Tblast=100, UPERPblast(x,y)=(0.75,0.75)
# BARYON_FUDGE=0.75
# ------- normalization=1.19993 -----------------
#dely    BF
0.050  0.4151  0.0027
0.150  0.3946  0.0025
0.250  0.3564  0.0023
0.350  0.3476  0.0023
0.450  0.3422  0.0023
0.550  0.3104  0.0021
0.650  0.2692  0.0019
0.750  0.2173  0.0015
0.850  0.1689  0.0012
0.950  0.1446  0.0011
1.050  0.0976  0.0007
1.150  0.0643  0.0005
1.250  0.0285  0.0002
1.350  0.0059  0.0000
1.450  0.0078  0.0001
1.550 -0.0260 -0.0002
1.650  0.0037  0.0000
1.750 -0.0076 -0.0001
1.850  0.0046  0.0000
1.950  0.0294  0.0003
2.050  0.0350  0.0004
2.150  0.0741  0.0008
2.250  0.0786  0.0009
2.350  0.0880  0.0010
2.450  0.1180  0.0014
2.550  0.1529  0.0019
2.650  0.1336  0.0016
2.750  0.1642  0.0021
2.850  0.1774  0.0024
2.950  0.1897  0.0026
3.050  0.1681  0.0024
3.150  0.1976  0.0029
3.250  0.1863  0.0028
3.350  0.1993  0.0031
3.450  0.2275  0.0036
3.550  0.1988  0.0032
3.650  0.1919  0.0032
3.750  0.1802  0.0031
3.850  0.1723  0.0031
3.950  0.1452  0.0027
4.050  0.1289  0.0024
4.150  0.1444  0.0028
4.250  0.1215  0.0024
4.350  0.1333  0.0028
4.450  0.0865  0.0018
4.550  0.0847  0.0018
4.650  0.0933  0.0021
4.750  0.0967  0.0022
4.850  0.0292  0.0007
4.950  0.0205  0.0005
5.050  0.0574  0.0014
5.150  0.0327  0.0008
5.250  0.0083  0.0002
5.350  0.0047  0.0001
5.450 -0.0085 -0.0002
5.550 -0.0505 -0.0014
5.650  0.0272  0.0008
5.750 -0.0345 -0.0011
5.850 -0.0381 -0.0012
5.950 -0.0328 -0.0011
6.050  0.0036  0.0001
6.150  0.0071  0.0002
6.250  0.0298  0.0010
6.350 -0.0338 -0.0012
6.450 -0.1003 -0.0037
6.550 -0.0435 -0.0016
6.650 -0.0036 -0.0001
6.750  0.1092  0.0044
6.850 -0.0558 -0.0023
6.950  0.0066  0.0003
7.050  0.0478  0.0021
7.150 -0.0310 -0.0014
7.250 -0.0728 -0.0033
7.350 -0.0341 -0.0017
7.450  0.0425  0.0021
7.550 -0.0225 -0.0011
7.650 -0.0010 -0.0001
7.750 -0.0598 -0.0031
7.850 -0.0581 -0.0032
7.950  0.0488  0.0028
8.050 -0.0203 -0.0012
8.150 -0.0366 -0.0022
8.250 -0.0128 -0.0008
8.350  0.0683  0.0042
8.450 -0.0492 -0.0031
8.550  0.0151  0.0010
8.650  0.0290  0.0020
8.750  0.0196  0.0015
8.850  0.0977  0.0071
8.950  0.0686  0.0053
9.050 -0.0310 -0.0023
9.150 -0.0409 -0.0031
9.250  0.0168  0.0013
9.350 -0.0219 -0.0019
9.450  0.0007  0.0001
9.550 -0.0501 -0.0042
9.650  0.0249  0.0023
9.750 -0.0679 -0.0062
9.850 -0.0688 -0.0065
9.950  0.0849  0.0077
10.050 -0.0813 -0.0081
10.150 -0.0369 -0.0044
10.250  0.0320  0.0037
10.350 -0.0246 -0.0036
10.450 -0.0489 -0.0058
10.550  0.0406  0.0046
10.650  0.0830  0.0100
10.750  0.0187  0.0023
10.850 -0.0026 -0.0003
10.950  0.0207  0.0032
11.050  0.0304  0.0040
11.150  0.0005  0.0001
11.250  0.0722  0.0105
11.350 -0.0125 -0.0019
11.450  0.0220  0.0035
11.550  0.0060  0.0009
11.650  0.0512  0.0080
11.750 -0.1392 -0.0416
11.850 -0.0022 -0.0003
11.950  0.0224  0.0042
