# ICODE=1701080941, JCODE=0
# Normalized GAUSSIAN BF, SIGMA_GAUSS=0.3
# NSAMPLE=100000, Tblast=100, UPERPblast(x,y)=(0.75,0.75)
# BARYON_FUDGE=0.75
# ------- normalization=0.995929 -----------------
#dely    BF
0.050  0.9832  0.0048
0.150  0.9143  0.0044
0.250  0.9962  0.0049
0.350  0.9496  0.0047
0.450  0.8980  0.0045
0.550  0.8928  0.0046
0.650  0.8375  0.0044
0.750  0.8418  0.0045
0.850  0.8443  0.0047
0.950  0.7357  0.0042
1.050  0.7792  0.0046
1.150  0.6872  0.0042
1.250  0.6565  0.0041
1.350  0.6097  0.0040
1.450  0.5713  0.0039
1.550  0.5917  0.0042
1.650  0.5279  0.0039
1.750  0.5019  0.0038
1.850  0.4198  0.0033
1.950  0.4350  0.0036
2.050  0.3773  0.0032
2.150  0.3641  0.0033
2.250  0.2897  0.0027
2.350  0.2821  0.0028
2.450  0.2250  0.0023
2.550  0.2531  0.0026
2.650  0.2487  0.0027
2.750  0.1900  0.0022
2.850  0.2255  0.0027
2.950  0.2070  0.0025
3.050  0.2336  0.0030
3.150  0.2110  0.0029
3.250  0.1861  0.0026
3.350  0.1714  0.0025
3.450  0.2009  0.0030
3.550  0.2209  0.0035
3.650  0.1888  0.0031
3.750  0.2052  0.0035
3.850  0.2395  0.0042
3.950  0.2462  0.0046
4.050  0.2251  0.0043
4.150  0.2536  0.0051
4.250  0.2067  0.0043
4.350  0.2314  0.0051
4.450  0.2147  0.0049
4.550  0.2373  0.0056
4.650  0.2534  0.0062
4.750  0.2803  0.0070
4.850  0.1906  0.0050
4.950  0.2231  0.0060
5.050  0.2359  0.0066
5.150  0.1484  0.0045
5.250  0.1735  0.0053
5.350  0.1620  0.0051
5.450  0.1672  0.0056
5.550  0.1329  0.0046
5.650  0.1110  0.0039
5.750  0.0583  0.0021
5.850  0.0973  0.0037
5.950  0.0797  0.0032
6.050  0.0714  0.0029
6.150  0.0473  0.0021
6.250  0.0377  0.0016
6.350 -0.0264 -0.0012
6.450  0.0075  0.0003
6.550 -0.0593 -0.0029
6.650 -0.0558 -0.0027
6.750 -0.0660 -0.0034
6.850 -0.0589 -0.0033
6.950 -0.0891 -0.0049
7.050 -0.0910 -0.0054
7.150 -0.1281 -0.0077
7.250 -0.1406 -0.0086
7.350 -0.1570 -0.0103
7.450 -0.1051 -0.0070
7.550 -0.1725 -0.0121
7.650 -0.0739 -0.0052
7.750 -0.1398 -0.0109
7.850 -0.1861 -0.0145
7.950 -0.1471 -0.0115
8.050 -0.1617 -0.0134
8.150 -0.2349 -0.0216
8.250 -0.2238 -0.0205
8.350 -0.1402 -0.0128
8.450 -0.1934 -0.0186
8.550 -0.2534 -0.0280
8.650 -0.3410 -0.0350
8.750 -0.3540 -0.0468
8.850 -0.2529 -0.0319
8.950 -0.2755 -0.0327
9.050 -0.2195 -0.0279
9.150 -0.1483 -0.0216
9.250 -0.2355 -0.0322
9.350 -0.1857 -0.0299
9.450 -0.1840 -0.0338
9.550 -0.1539 -0.0289
9.650 -0.2933 -0.0476
9.750 -0.1301 -0.0217
9.850 -0.3655 -0.0810
9.950 -0.2372 -0.0529
10.050 -0.1560 -0.0347
10.150 -0.0823 -0.0177
10.250 -0.3338 -0.0856
10.350 -0.2343 -0.0617
10.450 -0.1481 -0.0332
10.550 -0.1936 -0.0444
10.650 -0.2281 -0.0748
10.750 -0.2053 -0.0863
10.850 -0.1431 -0.0534
10.950  0.0160  0.0047
11.050 -0.3165 -0.2590
11.150 -0.1697 -0.0953
11.250 -0.2579 -0.1089
11.350 -0.2019 -0.0751
11.450 -0.3351 -0.1606
11.550 -0.3044 -0.1558
11.650 -0.3494 -0.1788
11.750  0.0096  0.0048
11.850 -0.0731 -0.0360
11.950 -0.9133 -0.0000
