# ICODE=211, JCODE=-211
# Normalized GAUSSIAN BF, SIGMA_GAUSS=0.3
# NSAMPLE=100000, Tblast=100, UPERPblast(x,y)=(0.75,0.75)
# BARYON_FUDGE=0.75
# ------- normalization=0.850792 -----------------
#dely    BF
0.050  1.1245  0.0065
0.150  1.1294  0.0065
0.250  1.0542  0.0061
0.350  1.0492  0.0062
0.450  0.8995  0.0054
0.550  0.8338  0.0051
0.650  0.6754  0.0042
0.750  0.5028  0.0032
0.850  0.4749  0.0031
0.950  0.3918  0.0027
1.050  0.2957  0.0021
1.150  0.2004  0.0015
1.250  0.1822  0.0014
1.350  0.1364  0.0011
1.450  0.1047  0.0009
1.550  0.0703  0.0006
1.650  0.0655  0.0006
1.750  0.0175  0.0002
1.850  0.0190  0.0002
1.950 -0.0244 -0.0003
2.050 -0.0125 -0.0001
2.150 -0.0113 -0.0001
2.250 -0.0023 -0.0000
2.350 -0.0012 -0.0000
2.450 -0.0063 -0.0001
2.550 -0.0097 -0.0001
2.650 -0.0085 -0.0001
2.750 -0.0171 -0.0003
2.850 -0.0035 -0.0001
2.950 -0.0083 -0.0001
3.050 -0.0154 -0.0003
3.150 -0.0054 -0.0001
3.250 -0.0044 -0.0001
3.350 -0.0133 -0.0003
3.450 -0.0024 -0.0001
3.550 -0.0109 -0.0002
3.650 -0.0093 -0.0002
3.750 -0.0053 -0.0001
3.850 -0.0048 -0.0001
3.950 -0.0070 -0.0002
4.050 -0.0039 -0.0001
4.150 -0.0012 -0.0000
4.250 -0.0022 -0.0001
4.350 -0.0045 -0.0001
4.450 -0.0053 -0.0002
4.550  0.0006  0.0000
4.650  0.0023  0.0001
4.750  0.0019  0.0001
4.850  0.0017  0.0001
4.950 -0.0021 -0.0001
5.050 -0.0060 -0.0002
5.150  0.0050  0.0002
5.250 -0.0029 -0.0001
5.350  0.0014  0.0001
5.450 -0.0068 -0.0003
5.550 -0.0060 -0.0003
5.650 -0.0137 -0.0007
5.750  0.0004  0.0000
5.850  0.0067  0.0004
5.950 -0.0022 -0.0001
6.050 -0.0035 -0.0002
6.150  0.0070  0.0004
6.250 -0.0066 -0.0004
6.350 -0.0047 -0.0003
6.450 -0.0101 -0.0007
6.550  0.0259  0.0018
6.650 -0.0062 -0.0005
6.750 -0.0197 -0.0015
6.850  0.0036  0.0003
6.950 -0.0230 -0.0019
7.050 -0.0278 -0.0022
7.150  0.0015  0.0001
7.250 -0.0112 -0.0011
7.350 -0.0029 -0.0003
7.450 -0.0038 -0.0004
7.550 -0.0211 -0.0020
7.650  0.0010  0.0001
7.750 -0.0234 -0.0025
7.850 -0.0017 -0.0002
7.950  0.0110  0.0013
8.050 -0.0127 -0.0014
8.150  0.0449  0.0054
8.250  0.0425  0.0048
8.350  0.0081  0.0010
8.450  0.0384  0.0067
8.550  0.0130  0.0021
8.650  0.0067  0.0010
8.750 -0.0280 -0.0046
8.850 -0.0186 -0.0029
8.950  0.0251  0.0040
9.050 -0.0019 -0.0003
9.150  0.0000  0.0000
9.250  0.0084  0.0016
9.350 -0.0048 -0.0010
9.450  0.1123  0.0351
9.550 -0.0357 -0.0061
9.650 -0.0176 -0.0037
9.750 -0.0000 -0.0000
9.850  0.0263  0.0065
9.950 -0.0171 -0.0036
10.050 -0.0000 -0.0000
10.150 -0.0017 -0.0005
10.250 -0.0490 -0.0156
10.350  0.0143  0.0031
10.450  0.0229  0.0079
10.550  0.0371  0.0136
10.650  0.0000  0.0000
10.750 -0.0325 -0.0141
10.850  0.0435  0.0233
10.950 -0.0000 -0.0000
11.050 -0.0680 -0.0289
11.150  0.0000  0.0000
11.250 -0.0025 -0.0009
11.350  0.0000  0.0000
11.450  0.0000  0.0000
11.550 -0.1037 -0.1346
11.650 -0.0000 -0.0000
11.750  0.0000  0.0000
11.850  0.0000  0.0000
11.950  0.0000  0.0000
