# ICODE=321, JCODE=-321
# Normalized GAUSSIAN BF, SIGMA_GAUSS=0.3
# NSAMPLE=100000, Tblast=100, UPERPblast(x,y)=(0.75,0.75)
# BARYON_FUDGE=0.75
# ------- normalization=0.477223 -----------------
#dely    BF
0.050 -0.4404 -0.0150
0.150 -0.4721 -0.0164
0.250 -0.4160 -0.0151
0.350 -0.4665 -0.0165
0.450 -0.3798 -0.0140
0.550 -0.3772 -0.0142
0.650 -0.2868 -0.0111
0.750 -0.2788 -0.0117
0.850 -0.3293 -0.0135
0.950 -0.2042 -0.0089
1.050 -0.1799 -0.0083
1.150 -0.0805 -0.0039
1.250 -0.0359 -0.0018
1.350  0.0083  0.0004
1.450  0.0780  0.0044
1.550  0.1113  0.0063
1.650  0.2255  0.0136
1.750  0.1895  0.0117
1.850  0.2993  0.0196
1.950  0.3407  0.0238
2.050  0.2751  0.0201
2.150  0.2919  0.0234
2.250  0.3313  0.0272
2.350  0.3585  0.0308
2.450  0.3927  0.0356
2.550  0.4704  0.0417
2.650  0.3827  0.0357
2.750  0.4575  0.0452
2.850  0.3167  0.0340
2.950  0.3349  0.0352
3.050  0.2218  0.0262
3.150  0.2199  0.0267
3.250  0.3250  0.0390
3.350  0.3191  0.0428
3.450  0.2078  0.0245
3.550  0.2216  0.0297
3.650  0.1829  0.0283
3.750  0.2120  0.0295
3.850  0.1524  0.0258
3.950  0.2134  0.0331
4.050  0.1563  0.0265
4.150  0.0911  0.0176
4.250  0.1054  0.0193
4.350  0.0857  0.0165
4.450  0.0595  0.0107
4.550  0.1229  0.0200
4.650  0.0918  0.0163
4.750  0.1232  0.0225
4.850  0.0663  0.0128
4.950  0.0518  0.0134
5.050  0.0559  0.0145
5.150  0.0380  0.0083
5.250  0.0501  0.0097
5.350  0.0117  0.0035
5.450  0.0445  0.0115
5.550  0.0589  0.0187
5.650  0.0340  0.0088
5.750  0.0186  0.0059
5.850  0.0340  0.0120
5.950  0.0149  0.0047
6.050  0.0173  0.0077
6.150  0.0164  0.0050
6.250  0.0159  0.0053
6.350  0.0037  0.0012
6.450  0.0199  0.0075
6.550  0.0104  0.0043
6.650  0.0000  0.0000
6.750  0.0096  0.0096
6.850  0.0121  0.0050
6.950  0.0144  0.0055
7.050  0.0060  0.0024
7.150  0.0108  0.0062
7.250  0.0000  0.0000
7.350  0.0068  0.0048
7.450  0.0028  0.0028
7.550  0.0090  0.0052
7.650  0.0000  0.0000
7.750  0.0000  0.0000
7.850  0.0030  0.0030
7.950  0.0000  0.0000
8.050  0.0080  0.0046
8.150  0.0096  0.0048
8.250  0.0000  0.0000
8.350  0.0020  0.0020
8.450  0.0125  0.0125
8.550  0.0000  0.0000
8.650  0.0000  0.0000
8.750  0.0000  0.0000
8.850  0.0000  0.0000
8.950  0.0000  0.0000
9.050  0.0000  0.0000
9.150  0.0000  0.0000
9.250  0.0000  0.0000
9.350  0.0000  0.0000
9.450  0.0178  0.0126
9.550  0.0000  0.0000
9.650  0.0000  0.0000
9.750  0.0000  0.0000
9.850  0.0207  0.0120
9.950  0.0000  0.0000
10.050  0.0000  0.0000
10.150  0.0000  0.0000
10.250  0.0011  0.0011
10.350  0.0000  0.0000
10.450  0.0000  0.0000
10.550  0.0000  0.0000
10.650  0.0000  0.0000
10.750  0.0000  0.0000
10.850  0.0000  0.0000
10.950  0.0000  0.0000
11.050  0.0000  0.0000
11.150  0.0000  0.0000
11.250  0.0000  0.0000
11.350  0.0000  0.0000
11.450  0.0000  0.0000
11.550  0.0348  0.0348
11.650  0.0000  0.0000
11.750  0.0000  0.0000
11.850  0.0000  0.0000
11.950  0.0000  0.0000
