# ICODE=211, JCODE=-2212
# Normalized GAUSSIAN BF, SIGMA_GAUSS=0.3
# NSAMPLE=100000, Tblast=100, UPERPblast(x,y)=(0.75,0.75)
# BARYON_FUDGE=0.75
# ------- normalization=0.0249503 -----------------
#dely    BF
0.050  0.0536  0.0011
0.150  0.0559  0.0011
0.250  0.0380  0.0008
0.350  0.0506  0.0011
0.450  0.0411  0.0009
0.550  0.0307  0.0007
0.650  0.0214  0.0005
0.750  0.0335  0.0008
0.850  0.0202  0.0005
0.950  0.0248  0.0007
1.050  0.0229  0.0007
1.150  0.0071  0.0002
1.250  0.0317  0.0010
1.350  0.0257  0.0008
1.450  0.0073  0.0002
1.550  0.0241  0.0009
1.650  0.0100  0.0004
1.750  0.0179  0.0007
1.850  0.0127  0.0005
1.950 -0.0002 -0.0000
2.050  0.0050  0.0002
2.150  0.0018  0.0001
2.250  0.0052  0.0002
2.350  0.0056  0.0003
2.450  0.0050  0.0003
2.550  0.0037  0.0002
2.650  0.0037  0.0002
2.750  0.0064  0.0004
2.850  0.0142  0.0009
2.950  0.0068  0.0004
3.050  0.0014  0.0001
3.150  0.0021  0.0002
3.250  0.0035  0.0003
3.350  0.0034  0.0003
3.450 -0.0007 -0.0001
3.550  0.0010  0.0001
3.650 -0.0016 -0.0001
3.750 -0.0020 -0.0002
3.850 -0.0020 -0.0002
3.950  0.0020  0.0002
4.050 -0.0056 -0.0006
4.150 -0.0026 -0.0003
4.250 -0.0021 -0.0002
4.350 -0.0024 -0.0003
4.450 -0.0014 -0.0002
4.550 -0.0077 -0.0010
4.650 -0.0035 -0.0004
4.750 -0.0074 -0.0010
4.850 -0.0127 -0.0017
4.950 -0.0108 -0.0015
5.050 -0.0035 -0.0005
5.150 -0.0045 -0.0007
5.250 -0.0126 -0.0016
5.350 -0.0082 -0.0012
5.450 -0.0087 -0.0015
5.550 -0.0018 -0.0003
5.650 -0.0126 -0.0023
5.750 -0.0050 -0.0009
5.850  0.0077  0.0017
5.950  0.0008  0.0002
6.050 -0.0157 -0.0027
6.150 -0.0065 -0.0012
6.250 -0.0073 -0.0016
6.350 -0.0236 -0.0056
6.450  0.0069  0.0014
6.550  0.0035  0.0008
6.650 -0.0056 -0.0015
6.750  0.0054  0.0015
6.850 -0.0042 -0.0012
6.950 -0.0027 -0.0008
7.050 -0.0079 -0.0020
7.150 -0.0019 -0.0005
7.250  0.0013  0.0004
7.350 -0.0006 -0.0001
7.450 -0.0117 -0.0034
7.550 -0.0008 -0.0003
7.650 -0.0046 -0.0016
7.750 -0.0272 -0.0069
7.850 -0.0149 -0.0051
7.950 -0.0130 -0.0050
8.050 -0.0086 -0.0031
8.150 -0.0112 -0.0040
8.250 -0.0016 -0.0011
8.350 -0.0065 -0.0027
8.450 -0.0083 -0.0032
8.550 -0.0016 -0.0010
8.650 -0.0032 -0.0013
8.750 -0.0000 -0.0000
8.850 -0.0145 -0.0056
8.950  0.0000  0.0000
9.050  0.0001  0.0000
9.150 -0.0047 -0.0024
9.250 -0.0016 -0.0012
9.350 -0.0067 -0.0026
9.450 -0.0051 -0.0017
9.550 -0.0048 -0.0021
9.650 -0.0016 -0.0009
9.750 -0.0049 -0.0025
9.850  0.0060  0.0035
9.950 -0.0047 -0.0047
10.050 -0.0017 -0.0007
10.150  0.0016  0.0008
10.250  0.0000  0.0000
10.350 -0.0027 -0.0019
10.450  0.0003  0.0002
10.550 -0.0003 -0.0001
10.650 -0.0030 -0.0030
10.750 -0.0008 -0.0008
10.850 -0.0022 -0.0013
10.950  0.0000  0.0000
11.050 -0.0012 -0.0012
11.150 -0.0043 -0.0043
11.250  0.0000  0.0000
11.350 -0.0027 -0.0013
11.450  0.0000  0.0000
11.550  0.0000  0.0000
11.650 -0.0010 -0.0010
11.750 -0.0008 -0.0006
11.850 -0.0044 -0.0044
11.950 -0.0009 -0.0009
