# ICODE=1701080941, JCODE=0
# Normalized GAUSSIAN BF, SIGMA_GAUSS=0.3
# NSAMPLE=100000, Tblast=100, UPERPblast(x,y)=(0.75,0.75)
# BARYON_FUDGE=0.75
# ------- normalization=0.25617 -----------------
#dely    BF
0.050  0.3952  0.0026
0.150  0.3498  0.0023
0.250  0.3359  0.0024
0.350  0.2899  0.0021
0.450  0.2513  0.0020
0.550  0.2162  0.0018
0.650  0.1940  0.0018
0.750  0.1409  0.0014
0.850  0.1144  0.0012
0.950  0.0729  0.0009
1.050  0.0662  0.0009
1.150  0.0527  0.0008
1.250  0.0302  0.0005
1.350  0.0219  0.0004
1.450  0.0158  0.0004
1.550  0.0095  0.0003
1.650  0.0042  0.0002
1.750  0.0007  0.0000
