# ICODE=211, JCODE=-211
# Normalized GAUSSIAN BF, SIGMA_GAUSS=0.3
# NSAMPLE=100000, Tblast=100, UPERPblast(x,y)=(0.75,0.75)
# BARYON_FUDGE=0.75
# ------- normalization=0.821531 -----------------
#dely    BF
0.050  0.0085  0.0001
0.150 -0.0180 -0.0001
0.250  0.0285  0.0002
0.350  0.0588  0.0004
0.450  0.0887  0.0006
0.550  0.1193  0.0008
0.650  0.1782  0.0012
0.750  0.1806  0.0012
0.850  0.2218  0.0015
0.950  0.2086  0.0015
1.050  0.2187  0.0016
1.150  0.2605  0.0020
1.250  0.2418  0.0019
1.350  0.2645  0.0021
1.450  0.2412  0.0020
1.550  0.2764  0.0024
1.650  0.2489  0.0022
1.750  0.2692  0.0025
1.850  0.2724  0.0026
1.950  0.2554  0.0026
2.050  0.2504  0.0026
2.150  0.2400  0.0026
2.250  0.2722  0.0030
2.350  0.2739  0.0031
2.450  0.2708  0.0032
2.550  0.2708  0.0033
2.650  0.2638  0.0034
2.750  0.2942  0.0039
2.850  0.3044  0.0042
2.950  0.2842  0.0040
3.050  0.3361  0.0050
3.150  0.3626  0.0055
3.250  0.3451  0.0055
3.350  0.3518  0.0058
3.450  0.3333  0.0057
3.550  0.3277  0.0057
3.650  0.3055  0.0056
3.750  0.3313  0.0063
3.850  0.2677  0.0053
3.950  0.3131  0.0063
4.050  0.2551  0.0053
4.150  0.2605  0.0057
4.250  0.2539  0.0057
4.350  0.2600  0.0061
4.450  0.2249  0.0055
4.550  0.1374  0.0034
4.650  0.1848  0.0047
4.750  0.1564  0.0042
4.850  0.1554  0.0042
4.950  0.1284  0.0038
5.050  0.1408  0.0041
5.150  0.0787  0.0024
5.250  0.0806  0.0025
5.350  0.0782  0.0025
5.450  0.0471  0.0015
5.550  0.0248  0.0009
5.650  0.0234  0.0008
5.750  0.0227  0.0008
5.850 -0.0037 -0.0001
5.950  0.0088  0.0003
6.050 -0.0486 -0.0019
6.150 -0.0393 -0.0016
6.250 -0.0514 -0.0022
6.350 -0.0529 -0.0024
6.450 -0.0681 -0.0032
6.550 -0.0965 -0.0046
6.650  0.0040  0.0002
6.750 -0.0484 -0.0024
6.850 -0.0812 -0.0043
6.950 -0.0912 -0.0049
7.050 -0.0370 -0.0021
7.150 -0.0523 -0.0030
7.250 -0.0522 -0.0031
7.350 -0.1011 -0.0061
7.450 -0.0781 -0.0049
7.550 -0.1270 -0.0085
7.650 -0.1035 -0.0068
7.750 -0.0337 -0.0023
7.850 -0.1194 -0.0086
7.950 -0.0946 -0.0073
8.050 -0.0986 -0.0077
8.150 -0.0920 -0.0069
8.250 -0.0750 -0.0060
8.350 -0.0354 -0.0028
8.450 -0.0795 -0.0070
8.550 -0.0457 -0.0038
8.650 -0.0301 -0.0027
8.750 -0.0338 -0.0033
8.850 -0.0399 -0.0038
8.950 -0.0292 -0.0028
9.050 -0.0332 -0.0034
9.150 -0.1181 -0.0136
9.250 -0.0297 -0.0032
9.350 -0.0520 -0.0055
9.450 -0.0507 -0.0061
9.550 -0.1041 -0.0144
9.650 -0.0244 -0.0027
9.750 -0.0291 -0.0033
9.850 -0.0290 -0.0035
9.950 -0.0144 -0.0017
10.050 -0.0603 -0.0080
10.150 -0.0344 -0.0056
10.250  0.0003  0.0000
10.350 -0.0549 -0.0098
10.450 -0.0638 -0.0094
10.550  0.0223  0.0036
10.650 -0.0449 -0.0064
10.750 -0.0078 -0.0015
10.850 -0.0767 -0.0166
10.950 -0.0580 -0.0110
11.050  0.0060  0.0010
11.150  0.0012  0.0002
11.250 -0.1075 -0.0217
11.350 -0.0605 -0.0133
11.450 -0.0025 -0.0005
11.550 -0.0086 -0.0016
11.650 -0.0032 -0.0008
11.750 -0.0209 -0.0055
11.850 -0.0440 -0.0104
11.950  0.0000  0.0000
