# ICODE=2212, JCODE=-2212
# Normalized GAUSSIAN BF, SIGMA_GAUSS=0.3
# NSAMPLE=100000, Tblast=100, UPERPblast(x,y)=(0.75,0.75)
# BARYON_FUDGE=0.75
# ------- normalization=0.563374 -----------------
#dely    BF
0.050  0.6703  0.0494
0.150  0.5805  0.0458
0.250  0.3232  0.0255
0.350  0.2533  0.0204
0.450  0.2316  0.0182
0.550  0.2974  0.0256
0.650  0.2338  0.0235
0.750  0.3184  0.0308
0.850  0.3422  0.0321
0.950  0.2193  0.0241
1.050  0.2532  0.0283
1.150  0.2975  0.0346
1.250  0.2566  0.0331
1.350  0.1118  0.0195
1.450  0.1559  0.0285
1.550  0.1847  0.0285
1.650  0.1524  0.0258
1.750  0.0890  0.0163
1.850  0.0912  0.0176
1.950  0.0638  0.0143
2.050  0.0752  0.0164
2.150  0.0940  0.0188
2.250  0.0626  0.0148
2.350  0.0591  0.0136
2.450  0.0464  0.0120
2.550  0.0362  0.0091
2.650  0.0288  0.0083
2.750  0.0322  0.0089
2.850  0.0582  0.0176
2.950  0.0678  0.0170
3.050  0.0630  0.0175
3.150  0.0462  0.0146
3.250  0.0609  0.0193
3.350  0.0488  0.0163
3.450  0.0490  0.0173
3.550  0.0164  0.0058
3.650  0.0836  0.0242
3.750  0.0211  0.0094
3.850  0.0452  0.0185
3.950  0.0552  0.0226
4.050  0.0772  0.0258
4.150  0.0000  0.0000
4.250  0.0665  0.0272
4.350  0.0488  0.0245
4.450  0.0000  0.0000
4.550  0.0532  0.0266
4.650  0.0363  0.0182
4.750  0.0000  0.0000
4.850  0.0201  0.0100
4.950 -0.0027 -0.0027
5.050  0.0394  0.0279
5.150  0.0259  0.0259
5.250  0.0405  0.0235
5.350  0.0153  0.0153
5.450  0.0261  0.0184
5.550  0.0223  0.0158
5.650  0.0114  0.0114
5.750  0.0068  0.0048
5.850  0.0067  0.0067
5.950  0.0000  0.0000
6.050  0.0000  0.0000
6.150  0.0000  0.0000
6.250  0.0000  0.0000
6.350  0.0000  0.0000
6.450  0.0000  0.0000
6.550  0.0000  0.0000
6.650 -0.0118 -0.0118
6.750  0.0000  0.0000
6.850 -0.0380 -0.0269
6.950 -0.0134 -0.0134
7.050  0.0000  0.0000
7.150 -0.0445 -0.0445
7.250  0.0000  0.0000
7.350  0.0000  0.0000
7.450  0.0000  0.0000
7.550  0.0000  0.0000
7.650  0.0000  0.0000
7.750  0.0000  0.0000
7.850 -0.0518 -0.0518
7.950  0.0000  0.0000
8.050 -0.0623 -0.0445
8.150  0.0000  0.0000
8.250 -0.0651 -0.0651
8.350  0.0000  0.0000
8.450  0.0000  0.0000
8.550 -0.0930 -0.0671
8.650  0.0000  0.0000
8.750  0.0000  0.0000
8.850  0.0000  0.0000
8.950  0.0000  0.0000
9.050  0.0000  0.0000
9.150  0.0000  0.0000
9.250  0.0000  0.0000
9.350  0.0000  0.0000
9.450  0.0000  0.0000
9.550  0.0000  0.0000
9.650 -0.1493 -0.1493
9.750  0.0000  0.0000
9.850  0.0000  0.0000
9.950  0.0000  0.0000
10.050  0.0000  0.0000
10.150  0.0000  0.0000
10.250  0.0000  0.0000
10.350  0.0000  0.0000
10.450  0.0000  0.0000
10.550  0.0000  0.0000
10.650  0.0000  0.0000
10.750  0.0000  0.0000
10.850  0.0000  0.0000
10.950  0.0000  0.0000
11.050  0.0000  0.0000
11.150  0.0000  0.0000
11.250  0.0000  0.0000
11.350  0.0000  0.0000
11.450  0.0000  0.0000
11.550  0.0000  0.0000
11.650  0.0000  0.0000
11.750  0.0000  0.0000
11.850  0.0000  0.0000
11.950  0.0000  0.0000
