# ICODE=211, JCODE=-211
# Normalized GAUSSIAN BF, SIGMA_GAUSS=0.3
# NSAMPLE=100000, Tblast=100, UPERPblast(x,y)=(0.75,0.75)
# BARYON_FUDGE=0.75
# ------- normalization=0.925423 -----------------
#dely    BF
0.050  1.1953  0.0067
0.150  1.1573  0.0065
0.250  1.1061  0.0063
0.350  1.0844  0.0063
0.450  1.0036  0.0059
0.550  0.8955  0.0054
0.650  0.7688  0.0047
0.750  0.6475  0.0041
0.850  0.6293  0.0041
0.950  0.4484  0.0030
1.050  0.3469  0.0025
1.150  0.3052  0.0022
1.250  0.2353  0.0018
1.350  0.1257  0.0010
1.450  0.0703  0.0006
1.550  0.0401  0.0004
1.650 -0.0265 -0.0002
1.750 -0.0390 -0.0004
1.850 -0.0717 -0.0007
1.950 -0.0786 -0.0009
2.050 -0.1035 -0.0012
2.150 -0.0983 -0.0012
2.250 -0.1065 -0.0013
2.350 -0.1093 -0.0014
2.450 -0.1081 -0.0015
2.550 -0.0936 -0.0013
2.650 -0.0897 -0.0013
2.750 -0.0821 -0.0013
2.850 -0.0748 -0.0012
2.950 -0.0699 -0.0012
3.050 -0.0557 -0.0010
3.150 -0.0438 -0.0008
3.250 -0.0379 -0.0007
3.350 -0.0237 -0.0005
3.450 -0.0211 -0.0005
3.550 -0.0126 -0.0003
3.650 -0.0034 -0.0001
3.750  0.0035  0.0001
3.850  0.0081  0.0002
3.950  0.0207  0.0005
4.050  0.0244  0.0006
4.150  0.0347  0.0010
4.250  0.0305  0.0009
4.350  0.0384  0.0012
4.450  0.0427  0.0013
4.550  0.0451  0.0014
4.650  0.0417  0.0014
4.750  0.0530  0.0018
4.850  0.0488  0.0017
4.950  0.0580  0.0022
5.050  0.0362  0.0014
5.150  0.0517  0.0019
5.250  0.0484  0.0020
5.350  0.0403  0.0016
5.450  0.0449  0.0019
5.550  0.0435  0.0019
5.650  0.0430  0.0019
5.750  0.0377  0.0017
5.850  0.0404  0.0020
5.950  0.0315  0.0015
6.050  0.0325  0.0016
6.150  0.0281  0.0014
6.250  0.0240  0.0013
6.350  0.0209  0.0011
6.450  0.0195  0.0011
6.550  0.0154  0.0009
6.650  0.0134  0.0008
6.750  0.0029  0.0002
6.850  0.0071  0.0005
6.950  0.0023  0.0001
7.050  0.0047  0.0003
7.150 -0.0005 -0.0000
7.250 -0.0094 -0.0006
7.350 -0.0029 -0.0002
7.450 -0.0061 -0.0005
7.550 -0.0081 -0.0006
7.650 -0.0099 -0.0007
7.750 -0.0103 -0.0009
7.850 -0.0161 -0.0013
7.950 -0.0225 -0.0018
8.050 -0.0079 -0.0007
8.150 -0.0142 -0.0013
8.250 -0.0231 -0.0020
8.350 -0.0235 -0.0020
8.450 -0.0262 -0.0026
8.550 -0.0198 -0.0018
8.650 -0.0264 -0.0024
8.750 -0.0301 -0.0033
8.850 -0.0178 -0.0021
8.950 -0.0132 -0.0015
9.050 -0.0176 -0.0021
9.150 -0.0235 -0.0027
9.250 -0.0397 -0.0040
9.350 -0.0211 -0.0026
9.450 -0.0300 -0.0038
9.550 -0.0336 -0.0039
9.650 -0.0202 -0.0024
9.750 -0.0123 -0.0017
9.850 -0.0188 -0.0026
9.950 -0.0187 -0.0029
10.050 -0.0260 -0.0032
10.150 -0.0306 -0.0046
10.250 -0.0242 -0.0035
10.350 -0.0127 -0.0022
10.450 -0.0091 -0.0015
10.550 -0.0125 -0.0020
10.650 -0.0081 -0.0012
10.750 -0.0079 -0.0015
10.850 -0.0105 -0.0018
10.950 -0.0058 -0.0012
11.050 -0.0139 -0.0026
11.150 -0.0082 -0.0019
11.250 -0.0081 -0.0015
11.350 -0.0252 -0.0047
11.450 -0.0077 -0.0020
11.550 -0.0128 -0.0028
11.650 -0.0137 -0.0026
11.750 -0.0066 -0.0014
11.850 -0.0075 -0.0019
11.950 -0.0135 -0.0030
