# ICODE=321, JCODE=-2212
# Normalized GAUSSIAN BF, SIGMA_GAUSS=0.3
# NSAMPLE=100000, Tblast=100, UPERPblast(x,y)=(0.75,0.75)
# BARYON_FUDGE=0.75
# ------- normalization=0.0357589 -----------------
#dely    BF
0.050 -0.0368 -0.0023
0.150 -0.0370 -0.0022
0.250 -0.0420 -0.0024
0.350 -0.0083 -0.0005
0.450 -0.0188 -0.0012
0.550  0.0090  0.0006
0.650  0.0682  0.0043
0.750  0.0809  0.0055
0.850  0.0834  0.0060
0.950  0.0789  0.0058
1.050  0.0956  0.0067
1.150  0.1314  0.0103
1.250  0.0661  0.0050
1.350  0.0277  0.0022
1.450 -0.0086 -0.0008
1.550  0.0149  0.0013
1.650 -0.0105 -0.0010
1.750 -0.0564 -0.0051
1.850 -0.0591 -0.0053
1.950 -0.0463 -0.0046
2.050 -0.0477 -0.0044
2.150 -0.0432 -0.0047
2.250 -0.0215 -0.0024
2.350 -0.0371 -0.0042
2.450  0.0034  0.0004
2.550 -0.0165 -0.0018
2.650 -0.0122 -0.0017
2.750  0.0052  0.0008
2.850  0.0032  0.0004
2.950 -0.0006 -0.0001
3.050  0.0219  0.0041
3.150  0.0390  0.0060
3.250  0.0518  0.0092
3.350  0.0222  0.0039
3.450  0.0260  0.0048
3.550  0.0752  0.0121
3.650  0.0467  0.0095
3.750  0.0559  0.0112
3.850  0.0302  0.0060
3.950  0.0781  0.0148
4.050  0.0182  0.0046
4.150  0.0468  0.0100
4.250  0.0388  0.0087
4.350  0.0323  0.0097
4.450  0.0355  0.0086
4.550  0.0270  0.0090
4.650  0.0173  0.0050
4.750  0.0428  0.0115
4.850  0.0143  0.0043
4.950  0.0186  0.0052
5.050  0.0074  0.0028
5.150  0.0180  0.0068
5.250  0.0155  0.0052
5.350  0.0083  0.0041
5.450  0.0083  0.0031
5.550  0.0192  0.0086
5.650  0.0075  0.0023
5.750  0.0052  0.0052
5.850 -0.0372 -0.0132
5.950 -0.0101 -0.0059
6.050 -0.0193 -0.0097
6.150 -0.0255 -0.0148
6.250 -0.0190 -0.0085
6.350 -0.0536 -0.0205
6.450 -0.0037 -0.0026
6.550 -0.0199 -0.0141
6.650  0.0092  0.0065
6.750 -0.1258 -0.0539
6.850 -0.0025 -0.0013
6.950 -0.0046 -0.0033
7.050 -0.0202 -0.0202
7.150 -0.0013 -0.0009
7.250  0.0000  0.0000
7.350  0.0000  0.0000
7.450 -0.0357 -0.0357
7.550  0.0000  0.0000
7.650 -0.0022 -0.0016
7.750  0.0000  0.0000
7.850  0.0000  0.0000
7.950 -0.0822 -0.0636
8.050  0.0000  0.0000
8.150  0.0000  0.0000
8.250  0.0000  0.0000
8.350  0.0035  0.0035
8.450  0.0000  0.0000
8.550  0.0000  0.0000
8.650  0.0000  0.0000
8.750 -0.0175 -0.0175
8.850 -0.0557 -0.0411
8.950  0.0000  0.0000
9.050  0.0000  0.0000
9.150  0.0000  0.0000
9.250  0.0000  0.0000
9.350  0.0000  0.0000
9.450 -0.0228 -0.0228
9.550  0.0000  0.0000
9.650  0.0000  0.0000
9.750 -0.0080 -0.0080
9.850  0.0000  0.0000
9.950  0.0000  0.0000
10.050  0.0000  0.0000
10.150  0.0000  0.0000
10.250  0.0000  0.0000
10.350  0.0000  0.0000
10.450  0.0000  0.0000
10.550  0.0000  0.0000
10.650  0.0000  0.0000
10.750  0.0000  0.0000
10.850  0.0000  0.0000
10.950  0.0000  0.0000
11.050  0.0323  0.0323
11.150  0.0000  0.0000
11.250  0.0000  0.0000
11.350  0.0000  0.0000
11.450 -0.1140 -0.1140
11.550  0.0000  0.0000
11.650  0.0000  0.0000
11.750  0.0000  0.0000
11.850  0.0000  0.0000
11.950  0.0000  0.0000
