# ICODE=211, JCODE=-321
# Normalized GAUSSIAN BF, SIGMA_GAUSS=0.3
# NSAMPLE=100000, Tblast=100, UPERPblast(x,y)=(0.75,0.75)
# BARYON_FUDGE=0.75
# ------- normalization=0.0948832 -----------------
#dely    BF
0.050  0.0439  0.0008
0.150  0.0232  0.0004
0.250  0.0440  0.0008
0.350  0.0453  0.0008
0.450  0.0305  0.0005
0.550  0.0361  0.0007
0.650  0.0365  0.0007
0.750  0.0339  0.0006
0.850  0.0367  0.0007
0.950  0.0352  0.0007
1.050  0.0403  0.0008
1.150  0.0293  0.0006
1.250  0.0312  0.0007
1.350  0.0333  0.0007
1.450  0.0333  0.0007
1.550  0.0251  0.0006
1.650  0.0372  0.0008
1.750  0.0288  0.0007
1.850  0.0392  0.0010
1.950  0.0353  0.0009
2.050  0.0365  0.0009
2.150  0.0405  0.0010
2.250  0.0310  0.0008
2.350  0.0433  0.0012
2.450  0.0405  0.0012
2.550  0.0417  0.0012
2.650  0.0355  0.0011
2.750  0.0238  0.0007
2.850  0.0324  0.0010
2.950  0.0260  0.0008
3.050  0.0330  0.0011
3.150  0.0286  0.0010
3.250  0.0244  0.0009
3.350  0.0214  0.0008
3.450  0.0139  0.0005
3.550  0.0011  0.0000
3.650  0.0101  0.0004
3.750  0.0137  0.0006
3.850  0.0004  0.0000
3.950 -0.0040 -0.0002
4.050  0.0089  0.0004
4.150 -0.0034 -0.0002
4.250 -0.0095 -0.0005
4.350 -0.0070 -0.0003
4.450 -0.0013 -0.0001
4.550 -0.0107 -0.0005
4.650 -0.0010 -0.0001
4.750 -0.0030 -0.0002
4.850 -0.0083 -0.0005
4.950 -0.0139 -0.0008
5.050 -0.0039 -0.0002
5.150  0.0026  0.0002
5.250 -0.0096 -0.0006
5.350  0.0021  0.0001
5.450 -0.0030 -0.0002
5.550  0.0001  0.0000
5.650 -0.0073 -0.0005
5.750 -0.0010 -0.0001
5.850  0.0140  0.0010
5.950 -0.0090 -0.0007
6.050 -0.0202 -0.0015
6.150  0.0085  0.0007
6.250  0.0051  0.0004
6.350 -0.0149 -0.0013
6.450 -0.0022 -0.0002
6.550 -0.0031 -0.0003
6.650 -0.0038 -0.0004
6.750 -0.0043 -0.0004
6.850 -0.0255 -0.0026
6.950  0.0035  0.0004
7.050 -0.0196 -0.0019
7.150 -0.0043 -0.0005
7.250  0.0105  0.0013
7.350  0.0200  0.0022
7.450 -0.0161 -0.0021
7.550 -0.0112 -0.0013
7.650 -0.0121 -0.0016
7.750 -0.0295 -0.0042
7.850 -0.0326 -0.0046
7.950  0.0098  0.0014
8.050 -0.0075 -0.0012
8.150  0.0441  0.0062
8.250  0.0122  0.0018
8.350  0.0335  0.0059
8.450 -0.0027 -0.0005
8.550  0.0048  0.0010
8.650  0.0361  0.0070
8.750  0.0095  0.0017
8.850  0.0622  0.0107
8.950  0.0091  0.0016
9.050  0.0031  0.0006
9.150 -0.0082 -0.0019
9.250  0.0187  0.0042
9.350  0.0123  0.0026
9.450  0.0490  0.0118
9.550  0.0227  0.0064
9.650 -0.0502 -0.0137
9.750 -0.0011 -0.0003
9.850  0.0327  0.0090
9.950 -0.0146 -0.0033
10.050  0.0500  0.0259
10.150 -0.0266 -0.0080
10.250  0.0156  0.0053
10.350 -0.0315 -0.0110
10.450 -0.0389 -0.0133
10.550 -0.0376 -0.0112
10.650 -0.0068 -0.0026
10.750 -0.0296 -0.0076
10.850  0.0620  0.0397
10.950 -0.0110 -0.0050
11.050  0.0023  0.0012
11.150  0.0048  0.0024
11.250 -0.0228 -0.0090
11.350 -0.0336 -0.0119
11.450 -0.0262 -0.0078
11.550  0.0211  0.0110
11.650  0.0100  0.0040
11.750 -0.0126 -0.0056
11.850  0.0000  0.0000
11.950 -0.0150 -0.0093
