# ICODE=2212, JCODE=-2212
# Normalized GAUSSIAN BF, SIGMA_GAUSS=0.3
# NSAMPLE=100000, Tblast=100, UPERPblast(x,y)=(0.75,0.75)
# BARYON_FUDGE=0.75
# ------- normalization=0.576455 -----------------
#dely    BF
0.050  0.7930  0.0702
0.150  0.6933  0.0602
0.250  0.6263  0.0565
0.350  0.4261  0.0408
0.450  0.5588  0.0528
0.550  0.4556  0.0447
0.650  0.3615  0.0412
0.750  0.3348  0.0353
0.850  0.2599  0.0294
0.950  0.2371  0.0251
1.050  0.1138  0.0141
1.150  0.1724  0.0203
1.250  0.1516  0.0188
1.350  0.0703  0.0090
1.450  0.1081  0.0137
1.550  0.0416  0.0067
1.650  0.0589  0.0075
1.750  0.0332  0.0049
1.850  0.0353  0.0050
1.950  0.0379  0.0058
2.050  0.0335  0.0055
2.150  0.0261  0.0042
2.250  0.0168  0.0034
2.350  0.0065  0.0014
2.450  0.0190  0.0041
2.550  0.0182  0.0039
2.650  0.0069  0.0016
2.750 -0.0185 -0.0045
2.850 -0.0085 -0.0019
2.950  0.0884  0.0185
3.050  0.0164  0.0047
3.150  0.0421  0.0117
3.250  0.0264  0.0058
3.350 -0.0341 -0.0074
3.450 -0.0786 -0.0210
3.550 -0.0133 -0.0039
3.650 -0.0214 -0.0076
3.750  0.0485  0.0184
3.850 -0.0287 -0.0083
3.950 -0.0500 -0.0145
4.050  0.0321  0.0114
4.150 -0.0245 -0.0122
4.250 -0.0129 -0.0053
4.350 -0.0624 -0.0221
4.450 -0.0339 -0.0107
4.550 -0.0038 -0.0016
4.650 -0.0401 -0.0142
4.750 -0.0224 -0.0075
4.850  0.0000  0.0000
4.950  0.0000  0.0000
5.050 -0.0141 -0.0100
5.150 -0.0219 -0.0109
5.250  0.0197  0.0114
5.350 -0.0218 -0.0109
5.450  0.0000  0.0000
5.550  0.0236  0.0137
5.650  0.0195  0.0087
5.750  0.0000  0.0000
5.850  0.0378  0.0378
5.950  0.0000  0.0000
6.050  0.0038  0.0022
6.150  0.0000  0.0000
6.250 -0.0010 -0.0005
6.350  0.0000  0.0000
6.450  0.0000  0.0000
6.550  0.0681  0.0342
6.650  0.0060  0.0042
6.750  0.0000  0.0000
6.850  0.0000  0.0000
6.950  0.0000  0.0000
7.050  0.0520  0.0368
7.150  0.0000  0.0000
7.250  0.0000  0.0000
7.350  0.0000  0.0000
7.450  0.0000  0.0000
7.550  0.0000  0.0000
7.650  0.0000  0.0000
7.750  0.0000  0.0000
7.850  0.0199  0.0199
7.950  0.0257  0.0182
8.050  0.0000  0.0000
8.150  0.0000  0.0000
8.250  0.0000  0.0000
8.350  0.0000  0.0000
8.450  0.0144  0.0102
8.550  0.0000  0.0000
8.650  0.0000  0.0000
8.750  0.0000  0.0000
8.850  0.0358  0.0358
8.950  0.0000  0.0000
9.050  0.0000  0.0000
9.150  0.0000  0.0000
9.250  0.0000  0.0000
9.350  0.0000  0.0000
9.450  0.0000  0.0000
9.550  0.0000  0.0000
9.650  0.0000  0.0000
9.750  0.0000  0.0000
9.850  0.0000  0.0000
9.950  0.0000  0.0000
10.050  0.0000  0.0000
10.150  0.0000  0.0000
10.250  0.0000  0.0000
10.350  0.0000  0.0000
10.450  0.0000  0.0000
10.550  0.0000  0.0000
10.650  0.0000  0.0000
10.750  0.0000  0.0000
10.850  0.0000  0.0000
10.950  0.0000  0.0000
11.050  0.0000  0.0000
11.150  0.0000  0.0000
11.250  0.0000  0.0000
11.350  0.0000  0.0000
11.450  0.0000  0.0000
11.550  0.0000  0.0000
11.650  0.0000  0.0000
11.750  0.0000  0.0000
11.850  0.0000  0.0000
11.950  0.0000  0.0000
