# ICODE=321, JCODE=-2212
# Normalized GAUSSIAN BF, SIGMA_GAUSS=0.3
# NSAMPLE=100000, Tblast=100, UPERPblast(x,y)=(0.75,0.75)
# BARYON_FUDGE=0.75
# ------- normalization=0.00124805 -----------------
#dely    BF
0.050 -0.0779 -0.0042
0.150 -0.0381 -0.0021
0.250 -0.0447 -0.0023
0.350  0.0048  0.0003
0.450  0.0174  0.0010
0.550  0.0043  0.0003
0.650  0.0345  0.0021
0.750  0.0655  0.0041
0.850  0.0475  0.0032
0.950  0.0421  0.0028
1.050  0.0462  0.0034
1.150  0.0537  0.0040
1.250  0.0781  0.0062
1.350  0.0523  0.0045
1.450  0.0649  0.0059
1.550  0.0612  0.0058
1.650  0.0852  0.0084
1.750  0.0814  0.0082
1.850  0.0821  0.0085
1.950  0.0791  0.0082
2.050  0.0785  0.0095
2.150  0.0796  0.0107
2.250  0.1124  0.0128
2.350  0.0740  0.0091
2.450  0.0909  0.0116
2.550  0.0685  0.0107
2.650  0.0646  0.0105
2.750  0.0882  0.0147
2.850  0.0644  0.0103
2.950  0.0858  0.0143
3.050  0.0596  0.0117
3.150  0.0669  0.0118
3.250  0.0337  0.0070
3.350  0.0614  0.0118
3.450  0.0471  0.0105
3.550  0.0344  0.0086
3.650  0.0248  0.0066
3.750  0.0319  0.0080
3.850  0.0508  0.0106
3.950  0.0302  0.0096
4.050  0.0207  0.0063
4.150  0.0592  0.0164
4.250  0.0115  0.0044
4.350  0.0360  0.0096
4.450  0.0770  0.0223
4.550  0.0054  0.0021
4.650  0.0398  0.0126
4.750  0.0218  0.0073
4.850  0.0117  0.0053
4.950  0.0285  0.0101
5.050  0.0069  0.0031
5.150  0.0111  0.0056
5.250  0.0030  0.0011
5.350 -0.0030 -0.0011
5.450  0.0070  0.0027
5.550  0.0074  0.0043
5.650  0.0000  0.0000
5.750 -0.0048 -0.0024
5.850 -0.0004 -0.0003
5.950 -0.0109 -0.0049
6.050  0.0000  0.0000
6.150 -0.0196 -0.0088
6.250 -0.0016 -0.0016
6.350 -0.0001 -0.0001
6.450  0.0000  0.0000
6.550 -0.0133 -0.0094
6.650  0.0000  0.0000
6.750  0.0071  0.0035
6.850 -0.0247 -0.0144
6.950  0.0000  0.0000
7.050 -0.0306 -0.0306
7.150 -0.1048 -0.0631
7.250 -0.0352 -0.0352
7.350  0.0000  0.0000
7.450 -0.0553 -0.0331
7.550 -0.1325 -0.0777
7.650 -0.1748 -0.0992
7.750  0.0000  0.0000
7.850  0.0000  0.0000
7.950 -0.0542 -0.0542
8.050  0.0000  0.0000
8.150 -0.1241 -0.1056
8.250 -0.2471 -0.1786
8.350  0.0000  0.0000
8.450 -0.0584 -0.0584
8.550  0.0000  0.0000
8.650  0.0000  0.0000
8.750  0.0000  0.0000
8.850  0.0000  0.0000
8.950  0.0000  0.0000
9.050 -0.1193 -0.1193
9.150  0.0000  0.0000
9.250  0.0000  0.0000
9.350  0.0000  0.0000
9.450  0.0000  0.0000
9.550  0.0000  0.0000
9.650 -0.3038 -0.3038
9.750  0.0000  0.0000
9.850  0.0000  0.0000
9.950  0.0000  0.0000
10.050  0.0000  0.0000
10.150  0.0000  0.0000
10.250  0.0000  0.0000
10.350  0.0000  0.0000
10.450  0.0000  0.0000
10.550  0.0000  0.0000
10.650 -0.2176 -0.2176
10.750  0.0000  0.0000
10.850  0.0000  0.0000
10.950  0.0000  0.0000
11.050  0.0000  0.0000
11.150  0.0000  0.0000
11.250  0.0000  0.0000
11.350  0.0000  0.0000
11.450  0.0000  0.0000
11.550  0.0000  0.0000
11.650  0.0000  0.0000
11.750  0.0000  0.0000
11.850  0.0000  0.0000
11.950  0.0000  0.0000
