# ICODE=321, JCODE=-321
# Normalized GAUSSIAN BF, SIGMA_GAUSS=0.3
# NSAMPLE=100000, Tblast=100, UPERPblast(x,y)=(0.75,0.75)
# BARYON_FUDGE=0.75
# ------- normalization=0.342972 -----------------
#dely    BF
0.050  1.1644  0.0459
0.150  1.1877  0.0479
0.250  1.1309  0.0443
0.350  1.2349  0.0478
0.450  1.0225  0.0403
0.550  0.9178  0.0376
0.650  0.7953  0.0336
0.750  0.7301  0.0314
0.850  0.6888  0.0299
0.950  0.5609  0.0256
1.050  0.5274  0.0244
1.150  0.4593  0.0219
1.250  0.3421  0.0172
1.350  0.3567  0.0185
1.450  0.2115  0.0116
1.550  0.2092  0.0111
1.650  0.1446  0.0083
1.750  0.0657  0.0040
1.850  0.0089  0.0005
1.950  0.0279  0.0018
2.050 -0.0398 -0.0028
2.150 -0.0286 -0.0020
2.250 -0.1169 -0.0081
2.350 -0.1199 -0.0085
2.450 -0.1984 -0.0151
2.550 -0.1922 -0.0147
2.650 -0.2133 -0.0181
2.750 -0.1573 -0.0124
2.850 -0.1398 -0.0127
2.950 -0.1417 -0.0129
3.050 -0.1535 -0.0143
3.150 -0.2222 -0.0209
3.250 -0.1462 -0.0152
3.350 -0.1066 -0.0116
3.450 -0.1546 -0.0176
3.550 -0.0853 -0.0104
3.650 -0.1570 -0.0194
3.750 -0.1516 -0.0184
3.850 -0.1105 -0.0143
3.950 -0.0606 -0.0074
4.050 -0.0669 -0.0093
4.150 -0.0486 -0.0082
4.250 -0.0224 -0.0035
4.350 -0.0632 -0.0099
4.450 -0.0665 -0.0096
4.550 -0.0865 -0.0135
4.650 -0.0339 -0.0054
4.750 -0.0393 -0.0071
4.850 -0.0353 -0.0062
4.950 -0.0484 -0.0097
5.050 -0.0209 -0.0038
5.150 -0.0394 -0.0086
5.250 -0.0589 -0.0116
5.350 -0.0373 -0.0078
5.450 -0.0353 -0.0091
5.550 -0.0424 -0.0093
5.650 -0.0458 -0.0118
5.750 -0.0493 -0.0120
5.850 -0.0647 -0.0141
5.950 -0.0610 -0.0137
6.050 -0.0469 -0.0136
6.150 -0.0141 -0.0041
6.250 -0.0503 -0.0145
6.350  0.0070  0.0041
6.450 -0.0339 -0.0152
6.550 -0.0241 -0.0085
6.650 -0.0370 -0.0131
6.750 -0.0698 -0.0202
6.850 -0.0415 -0.0170
6.950 -0.0407 -0.0183
7.050 -0.0586 -0.0196
7.150 -0.0662 -0.0251
7.250 -0.0432 -0.0194
7.350 -0.0348 -0.0175
7.450 -0.0624 -0.0255
7.550 -0.0753 -0.0341
7.650 -0.0532 -0.0240
7.750 -0.0195 -0.0098
7.850 -0.0205 -0.0119
7.950 -0.0348 -0.0250
8.050 -0.0817 -0.0312
8.150 -0.0548 -0.0323
8.250 -0.0460 -0.0271
8.350 -0.0499 -0.0288
8.450 -0.0339 -0.0244
8.550 -0.0674 -0.0389
8.650 -0.0238 -0.0138
8.750 -0.0130 -0.0130
8.850 -0.0167 -0.0167
8.950  0.0000  0.0000
9.050  0.0000  0.0000
9.150 -0.0576 -0.0426
9.250  0.0000  0.0000
9.350 -0.0669 -0.0403
9.450  0.0000  0.0000
9.550  0.0000  0.0000
9.650 -0.1149 -0.0663
9.750 -0.0291 -0.0291
9.850 -0.0512 -0.0376
9.950 -0.0436 -0.0436
10.050  0.0000  0.0000
10.150  0.0000  0.0000
10.250 -0.0406 -0.0406
10.350 -0.0642 -0.0642
10.450  0.0000  0.0000
10.550  0.0000  0.0000
10.650 -0.0587 -0.0587
10.750 -0.0523 -0.0523
10.850  0.0000  0.0000
10.950 -0.1005 -0.0712
11.050  0.0000  0.0000
11.150 -0.0643 -0.0643
11.250 -0.0666 -0.0666
11.350  0.0000  0.0000
11.450  0.0000  0.0000
11.550  0.0000  0.0000
11.650  0.0000  0.0000
11.750 -0.0673 -0.0673
11.850 -0.1781 -0.1748
11.950  0.0000  0.0000
