# ICODE=211, JCODE=-321
# Normalized GAUSSIAN BF, SIGMA_GAUSS=0.3
# NSAMPLE=100000, Tblast=100, UPERPblast(x,y)=(0.75,0.75)
# BARYON_FUDGE=0.75
# ------- normalization=0.0907989 -----------------
#dely    BF
0.050 -0.0016 -0.0000
0.150 -0.0037 -0.0001
0.250  0.0065  0.0001
0.350  0.0110  0.0002
0.450 -0.0101 -0.0001
0.550  0.0162  0.0002
0.650  0.0088  0.0001
0.750  0.0026  0.0000
0.850 -0.0053 -0.0001
0.950  0.0100  0.0002
1.050  0.0176  0.0003
1.150  0.0193  0.0004
1.250  0.0318  0.0006
1.350  0.0285  0.0006
1.450  0.0248  0.0005
1.550  0.0298  0.0007
1.650  0.0338  0.0008
1.750  0.0521  0.0013
1.850  0.0381  0.0010
1.950  0.0229  0.0006
2.050  0.0478  0.0013
2.150  0.0413  0.0012
2.250  0.0154  0.0005
2.350  0.0434  0.0014
2.450  0.0434  0.0015
2.550  0.0111  0.0004
2.650  0.0209  0.0008
2.750  0.0128  0.0005
2.850  0.0180  0.0007
2.950  0.0491  0.0022
3.050  0.0182  0.0008
3.150  0.0310  0.0015
3.250  0.0141  0.0007
3.350  0.0047  0.0003
3.450  0.0013  0.0001
3.550  0.0209  0.0012
3.650  0.0167  0.0010
3.750  0.0126  0.0008
3.850  0.0108  0.0008
3.950  0.0058  0.0004
4.050  0.0054  0.0004
4.150  0.0059  0.0005
4.250 -0.0034 -0.0003
4.350  0.0099  0.0009
4.450  0.0047  0.0004
4.550  0.0047  0.0005
4.650  0.0026  0.0003
4.750  0.0054  0.0006
4.850  0.0039  0.0005
4.950 -0.0023 -0.0003
5.050  0.0020  0.0002
5.150 -0.0032 -0.0004
5.250 -0.0012 -0.0001
5.350  0.0021  0.0003
5.450  0.0096  0.0015
5.550 -0.0091 -0.0015
5.650 -0.0050 -0.0009
5.750  0.0070  0.0011
5.850  0.0096  0.0019
5.950 -0.0037 -0.0008
6.050  0.0093  0.0021
6.150 -0.0016 -0.0003
6.250  0.0171  0.0033
6.350  0.0030  0.0007
6.450  0.0223  0.0045
6.550 -0.0021 -0.0005
6.650  0.0025  0.0008
6.750  0.0003  0.0001
6.850  0.0065  0.0017
6.950  0.0042  0.0013
7.050  0.0118  0.0043
7.150  0.0081  0.0026
7.250 -0.0026 -0.0011
7.350  0.0036  0.0025
7.450 -0.0033 -0.0012
7.550 -0.0068 -0.0040
7.650 -0.0043 -0.0015
7.750  0.0016  0.0009
7.850 -0.0045 -0.0020
7.950  0.0044  0.0031
8.050  0.0002  0.0001
8.150  0.0000  0.0000
8.250 -0.0049 -0.0022
8.350  0.0053  0.0038
8.450 -0.0067 -0.0040
8.550 -0.0002 -0.0001
8.650  0.0000  0.0000
8.750  0.0000  0.0000
8.850  0.0000  0.0000
8.950  0.0057  0.0041
9.050  0.0000  0.0000
9.150  0.0115  0.0061
9.250  0.0000  0.0000
9.350  0.0000  0.0000
9.450  0.0000  0.0000
9.550  0.0000  0.0000
9.650  0.0000  0.0000
9.750  0.0000  0.0000
9.850  0.0000  0.0000
9.950  0.0000  0.0000
10.050  0.0000  0.0000
10.150  0.0000  0.0000
10.250  0.0000  0.0000
10.350  0.0000  0.0000
10.450  0.0000  0.0000
10.550  0.0000  0.0000
10.650  0.0000  0.0000
10.750  0.0000  0.0000
10.850  0.0000  0.0000
10.950  0.0000  0.0000
11.050  0.0002  0.0002
11.150  0.0000  0.0000
11.250  0.0000  0.0000
11.350  0.0000  0.0000
11.450  0.0000  0.0000
11.550  0.0000  0.0000
11.650  0.0000  0.0000
11.750  0.0000  0.0000
11.850  0.0108  0.0081
11.950  0.0000  0.0000
