# ICODE=321, JCODE=-321
# Normalized GAUSSIAN BF, SIGMA_GAUSS=0.3
# NSAMPLE=100000, Tblast=100, UPERPblast(x,y)=(0.75,0.75)
# BARYON_FUDGE=0.75
# ------- normalization=0.434767 -----------------
#dely    BF
0.050  0.8063  0.0278
0.150  0.6935  0.0244
0.250  0.6526  0.0231
0.350  0.6064  0.0214
0.450  0.5521  0.0195
0.550  0.4405  0.0170
0.650  0.3781  0.0148
0.750  0.3542  0.0150
0.850  0.3951  0.0168
0.950  0.3081  0.0136
1.050  0.2184  0.0105
1.150  0.2607  0.0127
1.250  0.1622  0.0084
1.350  0.1303  0.0072
1.450  0.1171  0.0065
1.550  0.0717  0.0042
1.650  0.0791  0.0046
1.750  0.0582  0.0038
1.850 -0.0084 -0.0006
1.950  0.0109  0.0008
2.050  0.0065  0.0005
2.150  0.0074  0.0005
2.250 -0.0006 -0.0001
2.350 -0.0171 -0.0014
2.450 -0.0095 -0.0009
2.550 -0.0122 -0.0011
2.650 -0.0030 -0.0003
2.750 -0.0077 -0.0008
2.850 -0.0226 -0.0023
2.950 -0.0147 -0.0016
3.050 -0.0178 -0.0021
3.150 -0.0402 -0.0043
3.250 -0.0301 -0.0035
3.350 -0.0276 -0.0034
3.450 -0.0441 -0.0052
3.550 -0.0440 -0.0052
3.650 -0.0322 -0.0045
3.750 -0.0530 -0.0072
3.850 -0.0343 -0.0054
3.950 -0.0519 -0.0070
4.050 -0.0388 -0.0064
4.150 -0.0851 -0.0127
4.250 -0.0622 -0.0104
4.350 -0.0540 -0.0087
4.450 -0.0401 -0.0077
4.550 -0.0415 -0.0078
4.650 -0.0417 -0.0083
4.750 -0.0511 -0.0100
4.850 -0.0558 -0.0122
4.950 -0.0359 -0.0077
5.050 -0.0595 -0.0127
5.150 -0.0489 -0.0088
5.250 -0.0383 -0.0086
5.350 -0.0255 -0.0053
5.450 -0.0441 -0.0101
5.550 -0.0329 -0.0074
5.650 -0.0226 -0.0057
5.750 -0.0393 -0.0131
5.850 -0.0621 -0.0188
5.950 -0.0060 -0.0014
6.050  0.0185  0.0045
6.150 -0.0471 -0.0122
6.250 -0.0059 -0.0020
6.350  0.0034  0.0020
6.450  0.0114  0.0040
6.550 -0.0261 -0.0076
6.650 -0.0206 -0.0078
6.750 -0.0157 -0.0056
6.850 -0.0392 -0.0176
6.950 -0.0280 -0.0126
7.050 -0.0191 -0.0064
7.150  0.0110  0.0045
7.250 -0.0274 -0.0092
7.350  0.0058  0.0023
7.450 -0.0051 -0.0023
7.550 -0.0225 -0.0101
7.650  0.0166  0.0074
7.750 -0.0211 -0.0123
7.850 -0.0080 -0.0036
7.950 -0.0309 -0.0128
8.050 -0.0034 -0.0014
8.150  0.0000  0.0000
8.250  0.0102  0.0072
8.350 -0.0290 -0.0207
8.450 -0.0164 -0.0074
8.550 -0.0242 -0.0242
8.650  0.0091  0.0064
8.750 -0.0299 -0.0214
8.850  0.0000  0.0000
8.950 -0.0481 -0.0340
9.050  0.0000  0.0000
9.150  0.0000  0.0000
9.250 -0.0474 -0.0216
9.350 -0.0307 -0.0220
9.450  0.0000  0.0000
9.550  0.0000  0.0000
9.650  0.0000  0.0000
9.750 -0.0089 -0.0065
9.850 -0.0333 -0.0333
9.950  0.0000  0.0000
10.050  0.0000  0.0000
10.150  0.0000  0.0000
10.250 -0.0951 -0.0567
10.350  0.0000  0.0000
10.450 -0.0409 -0.0409
10.550  0.0000  0.0000
10.650  0.0000  0.0000
10.750  0.0000  0.0000
10.850  0.0000  0.0000
10.950  0.0311  0.0182
11.050  0.0000  0.0000
11.150  0.0000  0.0000
11.250  0.0000  0.0000
11.350  0.0349  0.0251
11.450  0.0000  0.0000
11.550  0.0000  0.0000
11.650  0.0000  0.0000
11.750  0.0000  0.0000
11.850  0.0000  0.0000
11.950  0.0000  0.0000
