# ICODE=2212, JCODE=-2212
# Normalized GAUSSIAN BF, SIGMA_GAUSS=0.3
# NSAMPLE=100000, Tblast=100, UPERPblast(x,y)=(0.75,0.75)
# BARYON_FUDGE=0.75
# ------- normalization=0.533439 -----------------
#dely    BF
0.050  0.3800  0.0289
0.150  0.2561  0.0206
0.250  0.3396  0.0273
0.350  0.3498  0.0284
0.450  0.1340  0.0118
0.550  0.0639  0.0058
0.650  0.1236  0.0117
0.750  0.0422  0.0041
0.850  0.0962  0.0100
0.950 -0.0024 -0.0002
1.050  0.0470  0.0052
1.150  0.0951  0.0107
1.250  0.0314  0.0039
1.350  0.0281  0.0043
1.450  0.0153  0.0024
1.550  0.0960  0.0152
1.650  0.1087  0.0149
1.750  0.0899  0.0142
1.850  0.1207  0.0213
1.950  0.0760  0.0141
2.050  0.0494  0.0092
2.150  0.0935  0.0199
2.250  0.1870  0.0390
2.350  0.0586  0.0157
2.450  0.1924  0.0443
2.550  0.0831  0.0240
2.650  0.3023  0.0679
2.750  0.1625  0.0395
2.850  0.2217  0.0575
2.950  0.1500  0.0454
3.050  0.1194  0.0454
3.150  0.0660  0.0200
3.250  0.1464  0.0559
3.350  0.2739  0.0925
3.450  0.0536  0.0219
3.550  0.1592  0.0487
3.650  0.1007  0.0453
3.750  0.2385  0.0905
3.850  0.1498  0.0679
3.950  0.0590  0.0295
4.050  0.1540  0.0698
4.150  0.0580  0.0336
4.250  0.0000  0.0000
4.350  0.0357  0.0253
4.450  0.1729  0.0881
4.550 -0.0084 -0.0042
4.650  0.0000  0.0000
4.750  0.0331  0.0235
4.850  0.1320  0.0772
4.950  0.1435  0.0726
5.050  0.0259  0.0259
5.150  0.0452  0.0261
5.250  0.0184  0.0130
5.350  0.0646  0.0458
5.450  0.0303  0.0215
5.550  0.0674  0.0481
5.650  0.0000  0.0000
5.750  0.0000  0.0000
5.850  0.0154  0.0154
5.950  0.0187  0.0187
6.050  0.0000  0.0000
6.150  0.0130  0.0130
6.250 -0.0079 -0.0079
6.350  0.0026  0.0018
6.450 -0.0050 -0.0050
6.550  0.0000  0.0000
6.650  0.0000  0.0000
6.750  0.0000  0.0000
6.850  0.0000  0.0000
6.950 -0.0386 -0.0386
7.050 -0.0390 -0.0276
7.150 -0.0403 -0.0403
7.250 -0.0544 -0.0386
7.350  0.0000  0.0000
7.450  0.0000  0.0000
7.550  0.0000  0.0000
7.650  0.0000  0.0000
7.750  0.0000  0.0000
7.850  0.0000  0.0000
7.950  0.0000  0.0000
8.050 -0.0493 -0.0493
8.150  0.0000  0.0000
8.250 -0.1255 -0.0920
8.350  0.0000  0.0000
8.450 -0.1432 -0.1432
8.550  0.0000  0.0000
8.650 -0.0551 -0.0551
8.750  0.0000  0.0000
8.850  0.0000  0.0000
8.950  0.0000  0.0000
9.050  0.0000  0.0000
9.150  0.0000  0.0000
9.250  0.0000  0.0000
9.350 -0.1473 -0.1473
9.450  0.0000  0.0000
9.550  0.0000  0.0000
9.650  0.0000  0.0000
9.750  0.0000  0.0000
9.850  0.0000  0.0000
9.950  0.0000  0.0000
10.050 -0.1577 -0.1577
10.150  0.0000  0.0000
10.250  0.0000  0.0000
10.350  0.0000  0.0000
10.450  0.0000  0.0000
10.550  0.0000  0.0000
10.650 -0.1828 -0.1828
10.750  0.0000  0.0000
10.850  0.0000  0.0000
10.950  0.0000  0.0000
11.050  0.0000  0.0000
11.150  0.0000  0.0000
11.250  0.0000  0.0000
11.350  0.0000  0.0000
11.450  0.0000  0.0000
11.550  0.0000  0.0000
11.650  0.0000  0.0000
11.750  0.0000  0.0000
11.850  0.0000  0.0000
11.950  0.0000  0.0000
