# ICODE=2212, JCODE=-2212
# Normalized GAUSSIAN BF, SIGMA_GAUSS=0.3
# NSAMPLE=100000, Tblast=100, UPERPblast(x,y)=(0.75,0.75)
# BARYON_FUDGE=0.75
# ------- normalization=0.53964 -----------------
#dely    BF
0.050  0.4004  0.0370
0.150  0.4239  0.0385
0.250  0.3864  0.0357
0.350  0.3653  0.0369
0.450  0.3718  0.0380
0.550  0.4581  0.0497
0.650  0.4155  0.0433
0.750  0.3643  0.0384
0.850  0.2222  0.0247
0.950  0.1621  0.0189
1.050  0.3412  0.0370
1.150  0.2392  0.0299
1.250  0.0534  0.0068
1.350  0.0686  0.0086
1.450 -0.0484 -0.0060
1.550  0.0266  0.0033
1.650 -0.0729 -0.0102
1.750 -0.0199 -0.0027
1.850 -0.0176 -0.0030
1.950 -0.0689 -0.0105
2.050  0.0270  0.0041
2.150 -0.0887 -0.0174
2.250  0.0291  0.0058
2.350  0.1230  0.0202
2.450 -0.0047 -0.0010
2.550  0.0602  0.0099
2.650  0.0166  0.0042
2.750  0.0368  0.0089
2.850  0.1160  0.0266
2.950  0.0500  0.0102
3.050  0.0911  0.0221
3.150  0.2071  0.0465
3.250  0.0489  0.0136
3.350  0.0983  0.0239
3.450  0.1689  0.0471
3.550  0.0707  0.0167
3.650  0.0679  0.0227
3.750  0.0564  0.0179
3.850  0.0543  0.0222
3.950  0.1617  0.0517
4.050  0.1092  0.0389
4.150 -0.0018 -0.0008
4.250  0.0717  0.0217
4.350 -0.0141 -0.0044
4.450  0.1158  0.0390
4.550  0.1779  0.0815
4.650  0.0173  0.0071
4.750 -0.0054 -0.0031
4.850 -0.0327 -0.0134
4.950 -0.0434 -0.0195
5.050 -0.0329 -0.0147
5.150  0.0079  0.0035
5.250  0.1192  0.0704
5.350  0.1199  0.0545
5.450  0.0649  0.0272
5.550 -0.0007 -0.0003
5.650 -0.0622 -0.0312
5.750 -0.0439 -0.0254
5.850 -0.0265 -0.0119
5.950 -0.0830 -0.0416
6.050  0.0598  0.0350
6.150  0.0000  0.0000
6.250  0.0000  0.0000
6.350 -0.0397 -0.0397
6.450  0.0345  0.0245
6.550 -0.0358 -0.0207
6.650  0.0000  0.0000
6.750 -0.0754 -0.0379
6.850  0.0000  0.0000
6.950  0.0740  0.0530
7.050  0.0000  0.0000
7.150  0.0000  0.0000
7.250  0.0000  0.0000
7.350  0.0000  0.0000
7.450  0.0000  0.0000
7.550 -0.0103 -0.0103
7.650 -0.0726 -0.0519
7.750 -0.0276 -0.0196
7.850  0.0000  0.0000
7.950  0.0000  0.0000
8.050  0.0000  0.0000
8.150  0.0000  0.0000
8.250 -0.0453 -0.0453
8.350 -0.1653 -0.0983
8.450  0.0000  0.0000
8.550  0.0000  0.0000
8.650  0.0000  0.0000
8.750  0.0000  0.0000
8.850  0.0000  0.0000
8.950 -0.0753 -0.0753
9.050  0.0000  0.0000
9.150  0.0000  0.0000
9.250  0.0000  0.0000
9.350  0.0000  0.0000
9.450  0.0000  0.0000
9.550  0.0000  0.0000
9.650  0.0000  0.0000
9.750  0.0000  0.0000
9.850 -0.0271 -0.0271
9.950 -0.0425 -0.0425
10.050  0.0000  0.0000
10.150  0.0000  0.0000
10.250  0.0000  0.0000
10.350  0.0000  0.0000
10.450  0.0000  0.0000
10.550  0.0000  0.0000
10.650 -0.0584 -0.0584
10.750  0.0000  0.0000
10.850  0.0000  0.0000
10.950  0.0000  0.0000
11.050  0.0000  0.0000
11.150 -0.0157 -0.0157
11.250  0.0000  0.0000
11.350  0.0000  0.0000
11.450  0.0000  0.0000
11.550  0.0000  0.0000
11.650  0.0000  0.0000
11.750  0.0000  0.0000
11.850  0.0000  0.0000
11.950  0.0000  0.0000
