# ICODE=2212, JCODE=-2212
# Normalized GAUSSIAN BF, SIGMA_GAUSS=0.3
# NSAMPLE=100000, Tblast=100, UPERPblast(x,y)=(0.75,0.75)
# BARYON_FUDGE=0.75
# ------- normalization=0.608678 -----------------
#dely    BF
0.050  0.7640  0.0616
0.150  0.6854  0.0602
0.250  0.7196  0.0602
0.350  0.6303  0.0549
0.450  0.6818  0.0599
0.550  0.6519  0.0579
0.650  0.3793  0.0378
0.750  0.3510  0.0400
0.850  0.3405  0.0399
0.950  0.3003  0.0317
1.050  0.5627  0.0689
1.150  0.4714  0.0564
1.250  0.5247  0.0633
1.350  0.5345  0.0799
1.450  0.1988  0.0347
1.550  0.3746  0.0572
1.650  0.3497  0.0554
1.750  0.2617  0.0437
1.850  0.2537  0.0472
1.950  0.2497  0.0547
2.050  0.2978  0.0610
2.150  0.3825  0.0689
2.250  0.2752  0.0651
2.350  0.2808  0.0615
2.450  0.3061  0.0687
2.550  0.2941  0.0615
2.650  0.1805  0.0502
2.750  0.3570  0.0732
2.850  0.1724  0.0480
2.950  0.1939  0.0540
3.050  0.3144  0.0689
3.150  0.1921  0.0481
3.250  0.5008  0.1009
3.350  0.1843  0.0585
3.450  0.2721  0.0683
3.550  0.2680  0.0695
3.650  0.2055  0.0572
3.750  0.2148  0.0599
3.850  0.0802  0.0254
3.950  0.1697  0.0606
4.050  0.3044  0.0888
4.150  0.1463  0.0490
4.250  0.0096  0.0036
4.350  0.2112  0.0807
4.450  0.1796  0.0572
4.550  0.1269  0.0481
4.650  0.1009  0.0592
4.750  0.0300  0.0123
4.850  0.0751  0.0308
4.950  0.0615  0.0357
5.050  0.0095  0.0048
5.150  0.0169  0.0169
5.250  0.0155  0.0110
5.350 -0.0403 -0.0286
5.450  0.0700  0.0249
5.550 -0.0214 -0.0214
5.650 -0.0392 -0.0277
5.750 -0.0154 -0.0109
5.850  0.0238  0.0119
5.950 -0.0442 -0.0198
6.050 -0.0239 -0.0169
6.150 -0.0535 -0.0379
6.250 -0.0190 -0.0134
6.350 -0.0065 -0.0038
6.450 -0.0584 -0.0414
6.550  0.0000  0.0000
6.650 -0.0367 -0.0367
6.750 -0.1245 -0.0912
6.850  0.0000  0.0000
6.950 -0.0555 -0.0555
7.050  0.0000  0.0000
7.150 -0.1903 -0.1145
7.250 -0.1268 -0.0930
7.350  0.0000  0.0000
7.450 -0.2036 -0.1575
7.550  0.0000  0.0000
7.650 -0.4246 -0.4092
7.750  0.0000  0.0000
7.850 -0.1427 -0.1056
7.950  0.0000  0.0000
8.050  0.0000  0.0000
8.150  0.0000  0.0000
8.250 -0.0584 -0.0584
8.350  0.0000  0.0000
8.450 -0.7556 -0.4907
8.550 -0.2494 -0.2007
8.650 -0.3543 -0.3543
8.750 -0.0913 -0.0913
8.850 -0.3390 -0.2981
8.950 -0.0630 -0.0367
9.050  0.0000  0.0000
9.150  0.0000  0.0000
9.250  0.0000  0.0000
9.350  0.0000  0.0000
9.450  0.0000  0.0000
9.550  0.0000  0.0000
9.650  0.0000  0.0000
9.750 -0.3702 -0.3702
9.850  0.0000  0.0000
9.950 -0.4293 -0.4293
10.050 -0.5311 -0.5023
10.150  0.0000  0.0000
10.250 -1.0070 -1.0070
10.350  0.0000  0.0000
10.450  0.0000  0.0000
10.550 -0.3825 -0.3825
10.650  0.0000  0.0000
10.750  0.0000  0.0000
10.850  0.0000  0.0000
10.950  0.0000  0.0000
11.050  0.0000  0.0000
11.150  0.0000  0.0000
11.250  0.0000  0.0000
11.350 -1.0180 -1.0180
11.450  0.0000  0.0000
11.550  0.0000  0.0000
11.650  0.0000  0.0000
11.750  0.0000  0.0000
11.850  0.0000  0.0000
11.950  0.0000  0.0000
