# ICODE=1701080941, JCODE=0
# Normalized GAUSSIAN BF, SIGMA_GAUSS=0.3
# NSAMPLE=5000000, Tblast=100, UPERPblast(x,y)=(0.75,0.75)
# BARYON_FUDGE=0.75
# ------- normalization=0.265274 -----------------
#dely    BF
0.050  0.4493  0.0003
0.150  0.4063  0.0003
0.250  0.3711  0.0003
0.350  0.3155  0.0003
0.450  0.2638  0.0003
0.550  0.2139  0.0002
0.650  0.1712  0.0002
0.750  0.1338  0.0002
0.850  0.0992  0.0002
0.950  0.0769  0.0001
1.050  0.0551  0.0001
1.150  0.0382  0.0001
1.250  0.0252  0.0001
1.350  0.0167  0.0001
1.450  0.0088  0.0000
1.550  0.0050  0.0000
1.650  0.0022  0.0000
1.750  0.0005  0.0000
