# ICODE=321, JCODE=-321
# Normalized GAUSSIAN BF, SIGMA_GAUSS=0.3
# NSAMPLE=100000, Tblast=100, UPERPblast(x,y)=(0.75,0.75)
# BARYON_FUDGE=0.75
# ------- normalization=0.077735 -----------------
#dely    BF
0.050  0.1092  0.0041
0.150  0.1205  0.0047
0.250  0.0846  0.0036
0.350  0.0840  0.0036
0.450  0.0736  0.0037
0.550  0.0756  0.0042
0.650  0.0755  0.0048
0.750  0.0486  0.0039
0.850  0.0419  0.0034
0.950  0.0237  0.0028
1.050  0.0183  0.0025
1.150  0.0144  0.0023
1.250  0.0072  0.0017
1.350  0.0001  0.0000
1.450  0.0001  0.0000
1.550  0.0000  0.0000
1.650  0.0000  0.0000
1.750  0.0000  0.0000
