# ICODE=321, JCODE=-2212
# Normalized GAUSSIAN BF, SIGMA_GAUSS=0.3
# NSAMPLE=100000, Tblast=100, UPERPblast(x,y)=(0.75,0.75)
# BARYON_FUDGE=0.75
# ------- normalization=0.00137913 -----------------
#dely    BF
0.050 -0.0703 -0.0040
0.150 -0.0940 -0.0052
0.250 -0.0949 -0.0050
0.350 -0.1282 -0.0074
0.450 -0.1090 -0.0063
0.550 -0.1296 -0.0076
0.650 -0.0736 -0.0046
0.750 -0.0604 -0.0039
0.850 -0.0326 -0.0023
0.950  0.0216  0.0014
1.050  0.0461  0.0034
1.150  0.0894  0.0066
1.250  0.1484  0.0113
1.350  0.1272  0.0104
1.450  0.1109  0.0101
1.550  0.1743  0.0155
1.650  0.1256  0.0117
1.750  0.1096  0.0106
1.850  0.1002  0.0095
1.950  0.1230  0.0121
2.050  0.0739  0.0084
2.150  0.0222  0.0025
2.250  0.0757  0.0091
2.350  0.0600  0.0067
2.450  0.0476  0.0056
2.550  0.0564  0.0074
2.650  0.0279  0.0046
2.750  0.0146  0.0023
2.850  0.0316  0.0046
2.950 -0.0340 -0.0068
3.050 -0.0313 -0.0063
3.150 -0.0302 -0.0066
3.250 -0.0370 -0.0067
3.350 -0.0221 -0.0045
3.450  0.0113  0.0025
3.550 -0.0123 -0.0026
3.650 -0.0084 -0.0020
3.750 -0.0254 -0.0060
3.850 -0.0152 -0.0034
3.950 -0.0097 -0.0027
4.050 -0.0162 -0.0042
4.150  0.0047  0.0014
4.250 -0.0171 -0.0070
4.350 -0.0234 -0.0089
4.450 -0.0134 -0.0045
4.550 -0.0115 -0.0036
4.650  0.0039  0.0014
4.750  0.0151  0.0062
4.850  0.0004  0.0001
4.950 -0.0131 -0.0065
5.050  0.0123  0.0071
5.150 -0.0120 -0.0049
5.250 -0.0077 -0.0055
5.350 -0.0669 -0.0302
5.450 -0.0198 -0.0099
5.550 -0.0085 -0.0035
5.650  0.0000  0.0000
5.750 -0.1003 -0.0385
5.850  0.0000  0.0000
5.950 -0.0197 -0.0197
6.050  0.0165  0.0095
6.150 -0.1036 -0.0406
6.250  0.0005  0.0003
6.350  0.0000  0.0000
6.450 -0.0061 -0.0044
6.550  0.0000  0.0000
6.650  0.0101  0.0059
6.750 -0.0284 -0.0284
6.850  0.0000  0.0000
6.950  0.0000  0.0000
7.050  0.0000  0.0000
7.150  0.0000  0.0000
7.250 -0.0644 -0.0644
7.350  0.0000  0.0000
7.450  0.0000  0.0000
7.550  0.0000  0.0000
7.650  0.0049  0.0049
7.750  0.0000  0.0000
7.850  0.0000  0.0000
7.950  0.0000  0.0000
8.050 -0.0390 -0.0282
8.150  0.0050  0.0050
8.250  0.0000  0.0000
8.350  0.0000  0.0000
8.450  0.0000  0.0000
8.550  0.0000  0.0000
8.650  0.0000  0.0000
8.750  0.0000  0.0000
8.850  0.0000  0.0000
8.950  0.0000  0.0000
9.050  0.0000  0.0000
9.150  0.0000  0.0000
9.250  0.0000  0.0000
9.350  0.0000  0.0000
9.450  0.0000  0.0000
9.550  0.0000  0.0000
9.650  0.0000  0.0000
9.750  0.0000  0.0000
9.850  0.0000  0.0000
9.950  0.0000  0.0000
10.050  0.0000  0.0000
10.150  0.0000  0.0000
10.250  0.0000  0.0000
10.350 -0.0679 -0.0679
10.450  0.0000  0.0000
10.550  0.0000  0.0000
10.650  0.0000  0.0000
10.750  0.0000  0.0000
10.850  0.0000  0.0000
10.950  0.0000  0.0000
11.050  0.0000  0.0000
11.150  0.0000  0.0000
11.250  0.0000  0.0000
11.350  0.0000  0.0000
11.450  0.0000  0.0000
11.550  0.0000  0.0000
11.650  0.0000  0.0000
11.750  0.0000  0.0000
11.850  0.0000  0.0000
11.950  0.0000  0.0000
