# ICODE=2212, JCODE=-2212
# Normalized GAUSSIAN BF, SIGMA_GAUSS=0.3
# NSAMPLE=100000, Tblast=100, UPERPblast(x,y)=(0.75,0.75)
# BARYON_FUDGE=0.75
# ------- normalization=0.403504 -----------------
#dely    BF
0.050  0.0425  0.0045
0.150  0.0506  0.0052
0.250  0.0488  0.0051
0.350  0.1024  0.0107
0.450 -0.0348 -0.0038
0.550  0.0286  0.0033
0.650  0.0551  0.0060
0.750  0.0372  0.0044
0.850 -0.0063 -0.0008
0.950  0.0119  0.0014
1.050 -0.0471 -0.0062
1.150 -0.0273 -0.0031
1.250 -0.0605 -0.0079
1.350 -0.0594 -0.0072
1.450 -0.0006 -0.0001
1.550 -0.0262 -0.0035
1.650  0.0114  0.0015
1.750  0.0208  0.0029
1.850  0.0349  0.0050
1.950  0.0298  0.0052
2.050 -0.0102 -0.0016
2.150 -0.0024 -0.0004
2.250  0.0425  0.0073
2.350  0.0637  0.0102
2.450  0.0109  0.0018
2.550  0.0373  0.0060
2.650  0.0220  0.0038
2.750  0.0032  0.0005
2.850 -0.0085 -0.0014
2.950  0.0381  0.0073
3.050 -0.0243 -0.0050
3.150  0.0356  0.0071
3.250 -0.0037 -0.0007
3.350 -0.0830 -0.0186
3.450 -0.0030 -0.0007
3.550 -0.0200 -0.0044
3.650 -0.0203 -0.0051
3.750 -0.0442 -0.0111
3.850 -0.0342 -0.0092
3.950 -0.0531 -0.0153
4.050 -0.0542 -0.0181
4.150 -0.0936 -0.0260
4.250  0.0028  0.0010
4.350 -0.0782 -0.0261
4.450 -0.0956 -0.0289
4.550 -0.0768 -0.0243
4.650 -0.0258 -0.0105
4.750 -0.0516 -0.0195
4.850 -0.0184 -0.0092
4.950 -0.1233 -0.0414
5.050 -0.0301 -0.0174
5.150 -0.0009 -0.0005
5.250 -0.0226 -0.0160
5.350 -0.1569 -0.0808
5.450 -0.1739 -0.0584
5.550 -0.0613 -0.0307
5.650  0.1045  0.0758
5.750 -0.0202 -0.0143
5.850 -0.1966 -0.0823
5.950 -0.0101 -0.0071
6.050 -0.1432 -0.0840
6.150 -0.0302 -0.0175
6.250 -0.0303 -0.0303
6.350 -0.0410 -0.0206
6.450 -0.0326 -0.0190
6.550 -0.0524 -0.0236
6.650 -0.1148 -0.0837
6.750 -0.0587 -0.0296
6.850  0.0000  0.0000
6.950  0.0354  0.0177
7.050 -0.1566 -0.0950
7.150 -0.0190 -0.0134
7.250 -0.0244 -0.0244
7.350  0.0822  0.0492
7.450 -0.0147 -0.0104
7.550  0.0000  0.0000
7.650  0.0414  0.0294
7.750  0.0075  0.0075
7.850  0.0752  0.0539
7.950  0.0000  0.0000
8.050  0.0000  0.0000
8.150  0.0000  0.0000
8.250  0.0000  0.0000
8.350  0.0000  0.0000
8.450  0.2349  0.1673
8.550  0.0547  0.0547
8.650  0.0000  0.0000
8.750  0.1516  0.1516
8.850  0.0402  0.0233
8.950  0.1767  0.1767
9.050  0.0000  0.0000
9.150  0.0000  0.0000
9.250  0.0000  0.0000
9.350  0.0000  0.0000
9.450  0.0000  0.0000
9.550  0.0000  0.0000
9.650  0.0000  0.0000
9.750  0.2049  0.2049
9.850  0.0000  0.0000
9.950  0.2601  0.2601
10.050  0.2989  0.2989
10.150  0.1290  0.1290
10.250  0.6655  0.8294
10.350  0.0000  0.0000
10.450  0.0000  0.0000
10.550  0.2690  0.2690
10.650  0.0000  0.0000
10.750  0.0000  0.0000
10.850  0.0000  0.0000
10.950  0.0000  0.0000
11.050  0.0000  0.0000
11.150  0.0000  0.0000
11.250  0.0000  0.0000
11.350  0.8058  0.8058
11.450  0.0000  0.0000
11.550  0.0000  0.0000
11.650  0.0000  0.0000
11.750  0.0000  0.0000
11.850  0.0000  0.0000
11.950  0.0000  0.0000
