# ICODE=211, JCODE=-211
# Normalized GAUSSIAN BF, SIGMA_GAUSS=0.3
# NSAMPLE=100000, Tblast=100, UPERPblast(x,y)=(0.75,0.75)
# BARYON_FUDGE=0.75
# ------- normalization=0.744828 -----------------
#dely    BF
0.050  0.8851  0.0058
0.150  0.8622  0.0057
0.250  0.8428  0.0056
0.350  0.8304  0.0055
0.450  0.7995  0.0054
0.550  0.6974  0.0047
0.650  0.6258  0.0044
0.750  0.5428  0.0038
0.850  0.5037  0.0036
0.950  0.3646  0.0027
1.050  0.3207  0.0024
1.150  0.2478  0.0019
1.250  0.2270  0.0018
1.350  0.1452  0.0012
1.450  0.1022  0.0009
1.550  0.0664  0.0006
1.650  0.0617  0.0005
1.750  0.0281  0.0003
1.850  0.0359  0.0003
1.950  0.0076  0.0001
2.050 -0.0003 -0.0000
2.150 -0.0045 -0.0000
2.250  0.0322  0.0003
2.350  0.0112  0.0001
2.450  0.0847  0.0010
2.550  0.0407  0.0005
2.650  0.0734  0.0009
2.750  0.0674  0.0008
2.850  0.0889  0.0012
2.950  0.0517  0.0007
3.050  0.0484  0.0007
3.150  0.0915  0.0013
3.250  0.1001  0.0015
3.350  0.0634  0.0010
3.450  0.0574  0.0009
3.550  0.0634  0.0010
3.650  0.1218  0.0020
3.750  0.0538  0.0009
3.850  0.0571  0.0010
3.950  0.0051  0.0001
4.050  0.0375  0.0007
4.150  0.0502  0.0010
4.250 -0.0115 -0.0002
4.350  0.0586  0.0012
4.450  0.0844  0.0018
4.550  0.0069  0.0002
4.650 -0.0085 -0.0002
4.750  0.0967  0.0023
4.850  0.0242  0.0006
4.950  0.0561  0.0014
5.050  0.0113  0.0003
5.150 -0.0219 -0.0006
5.250 -0.0189 -0.0005
5.350 -0.0117 -0.0003
5.450  0.0002  0.0000
5.550 -0.0577 -0.0018
5.650  0.0261  0.0008
5.750 -0.0361 -0.0012
5.850 -0.0528 -0.0018
5.950 -0.0731 -0.0026
6.050  0.0711  0.0026
6.150 -0.0031 -0.0001
6.250 -0.0592 -0.0024
6.350 -0.0416 -0.0017
6.450 -0.0362 -0.0015
6.550 -0.0182 -0.0008
6.650 -0.0400 -0.0017
6.750  0.0356  0.0017
6.850 -0.0339 -0.0016
6.950 -0.0161 -0.0008
7.050  0.0019  0.0001
7.150  0.0481  0.0026
7.250 -0.0191 -0.0011
7.350 -0.0399 -0.0021
7.450  0.0193  0.0011
7.550 -0.0581 -0.0036
7.650  0.0190  0.0012
7.750 -0.0043 -0.0003
7.850  0.0013  0.0001
7.950 -0.0263 -0.0017
8.050 -0.1089 -0.0075
8.150 -0.0442 -0.0031
8.250 -0.0684 -0.0055
8.350 -0.0621 -0.0047
8.450 -0.0674 -0.0053
8.550 -0.0109 -0.0009
8.650  0.0119  0.0011
8.750 -0.0411 -0.0036
8.850  0.0211  0.0018
8.950 -0.0679 -0.0066
9.050 -0.0261 -0.0025
9.150  0.0713  0.0070
9.250  0.0004  0.0000
9.350  0.0363  0.0037
9.450 -0.0356 -0.0041
9.550  0.0554  0.0063
9.650  0.0112  0.0015
9.750  0.0786  0.0112
9.850  0.0354  0.0051
9.950  0.0122  0.0017
10.050 -0.0093 -0.0012
10.150 -0.0988 -0.0131
10.250  0.0424  0.0063
10.350 -0.0222 -0.0032
10.450 -0.0314 -0.0045
10.550 -0.0208 -0.0034
10.650 -0.0366 -0.0061
10.750 -0.0490 -0.0086
10.850 -0.0758 -0.0148
10.950 -0.0610 -0.0093
11.050  0.1224  0.0547
11.150 -0.0191 -0.0044
11.250  0.0658  0.0126
11.350  0.0047  0.0010
11.450  0.0063  0.0012
11.550 -0.0712 -0.0182
11.650  0.0590  0.0127
11.750 -0.0520 -0.0128
11.850  0.0084  0.0018
11.950 -0.0522 -0.0246
