# ICODE=211, JCODE=-321
# Normalized GAUSSIAN BF, SIGMA_GAUSS=0.3
# NSAMPLE=100000, Tblast=100, UPERPblast(x,y)=(0.75,0.75)
# BARYON_FUDGE=0.75
# ------- normalization=0.10004 -----------------
#dely    BF
0.050  0.0407  0.0006
0.150  0.0443  0.0006
0.250  0.0659  0.0009
0.350  0.0513  0.0008
0.450  0.0574  0.0008
0.550  0.0525  0.0008
0.650  0.0483  0.0007
0.750  0.0507  0.0008
0.850  0.0613  0.0010
0.950  0.0470  0.0008
1.050  0.0391  0.0007
1.150  0.0282  0.0005
1.250  0.0202  0.0004
1.350  0.0199  0.0004
1.450  0.0154  0.0003
1.550  0.0091  0.0002
1.650  0.0094  0.0002
1.750  0.0102  0.0002
1.850  0.0058  0.0002
1.950 -0.0020 -0.0001
2.050 -0.0072 -0.0002
2.150 -0.0077 -0.0002
2.250 -0.0037 -0.0001
2.350 -0.0043 -0.0001
2.450 -0.0023 -0.0001
2.550  0.0079  0.0003
2.650  0.0008  0.0000
2.750 -0.0047 -0.0002
2.850 -0.0063 -0.0003
2.950 -0.0002 -0.0000
3.050 -0.0049 -0.0002
3.150 -0.0078 -0.0004
3.250 -0.0077 -0.0004
3.350 -0.0141 -0.0007
3.450 -0.0041 -0.0002
3.550 -0.0134 -0.0007
3.650 -0.0064 -0.0004
3.750 -0.0053 -0.0003
3.850 -0.0090 -0.0006
3.950 -0.0106 -0.0007
4.050 -0.0118 -0.0008
4.150 -0.0050 -0.0003
4.250 -0.0098 -0.0008
4.350 -0.0076 -0.0006
4.450  0.0052  0.0004
4.550 -0.0044 -0.0004
4.650  0.0186  0.0018
4.750 -0.0040 -0.0004
4.850 -0.0088 -0.0008
4.950 -0.0109 -0.0010
5.050  0.0132  0.0015
5.150 -0.0219 -0.0023
5.250  0.0011  0.0001
5.350  0.0365  0.0039
5.450 -0.0277 -0.0038
5.550 -0.0004 -0.0001
5.650  0.0066  0.0009
5.750  0.0035  0.0005
5.850 -0.0204 -0.0030
5.950 -0.0333 -0.0052
6.050 -0.0068 -0.0012
6.150  0.0029  0.0005
6.250 -0.0160 -0.0027
6.350  0.0329  0.0059
6.450 -0.0051 -0.0011
6.550 -0.0163 -0.0033
6.650 -0.0365 -0.0072
6.750 -0.0237 -0.0046
6.850  0.0308  0.0072
6.950  0.0333  0.0083
7.050  0.0074  0.0021
7.150 -0.0150 -0.0042
7.250 -0.0051 -0.0014
7.350  0.0768  0.0245
7.450  0.0083  0.0022
7.550  0.0783  0.0182
7.650  0.0548  0.0181
7.750  0.0116  0.0036
7.850  0.0040  0.0013
7.950 -0.0017 -0.0005
8.050  0.0172  0.0057
8.150  0.0198  0.0109
8.250  0.0551  0.0293
8.350 -0.0193 -0.0099
8.450  0.0543  0.0436
8.550 -0.0125 -0.0053
8.650  0.0331  0.0161
8.750  0.0024  0.0024
8.850  0.0000  0.0000
8.950 -0.0292 -0.0292
9.050 -0.0513 -0.0337
9.150  0.0000  0.0000
9.250  0.0352  0.0260
9.350 -0.0010 -0.0011
9.450  0.0000  0.0000
9.550  0.0000  0.0000
9.650  0.0000  0.0000
9.750 -0.0346 -0.0371
9.850  0.0000  0.0000
9.950  0.0384  0.0437
10.050 -0.0023 -0.0016
10.150  0.0000  0.0000
10.250 -0.0569 -0.0569
10.350  0.0000  0.0000
10.450  0.0000  0.0000
10.550  0.0453  0.0443
10.650  0.0000  0.0000
10.750  0.0000  0.0000
10.850  0.0884  0.1001
10.950  0.0000  0.0000
11.050  0.0000  0.0000
11.150  0.0000  0.0000
11.250  0.0000  0.0000
11.350  0.0000  0.0000
11.450  0.0000  0.0000
11.550  0.0000  0.0000
11.650  0.0000  0.0000
11.750  0.0000  0.0000
11.850  0.0000  0.0000
11.950  0.0000  0.0000
