# ICODE=0, JCODE=0
# Normalized GAUSSIAN BF, SIGMA_GAUSS=0.3
# NSAMPLE=20000000, Tblast=100, UPERPblast(x,y)=(0.75,0.75)
# BARYON_FUDGE=0.75
# ------- normalization=0 -----------------
#dely    BF_mean   BF_sq    BF_var    Samples
0.050   0.2815  0.0794  0.0123 2000000
0.150   0.2639  0.0697  0.0062 2000000
0.250   0.2387  0.0570  0.0076 2000000
0.350   0.2217  0.0492  0.0100 2000000
0.450   0.1971  0.0389  0.0079 2000000
0.550   0.1885  0.0356  0.0092 2000000
0.650   0.1563  0.0245  0.0101 2000000
0.750   0.1381  0.0191  0.0074 2000000
0.850   0.1172  0.0138  0.0092 2000000
0.950   0.0987  0.0098  0.0052 2000000
1.050   0.0824  0.0068  0.0038 2000000
1.150   0.0641  0.0041  0.0026 2000000
1.250   0.0479  0.0023  0.0062 2000000
1.350   0.0363  0.0013  0.0024 2000000
1.450   0.0245  0.0006  0.0040 2000000
1.550   0.0157  0.0002  0.0011 2000000
1.650   0.0082  0.0001  0.0022 2000000
1.750   0.0035  0.0000  0.0041 2000000
0.050   0.2832  0.0803  0.0089 4000000
0.150   0.2637  0.0696  0.0044 4000000
0.250   0.2408  0.0580  0.0059 4000000
0.350   0.2226  0.0496  0.0072 4000000
0.450   0.1991  0.0397  0.0059 4000000
0.550   0.1865  0.0348  0.0068 4000000
0.650   0.1574  0.0248  0.0072 4000000
0.750   0.1387  0.0193  0.0053 4000000
0.850   0.1170  0.0137  0.0065 4000000
0.950   0.0986  0.0097  0.0037 4000000
1.050   0.0818  0.0067  0.0028 4000000
1.150   0.0642  0.0041  0.0019 4000000
1.250   0.0484  0.0024  0.0044 4000000
1.350   0.0358  0.0013  0.0018 4000000
1.450   0.0242  0.0006  0.0029 4000000
1.550   0.0161  0.0003  0.0009 4000000
1.650   0.0082  0.0001  0.0015 4000000
1.750   0.0031  0.0000  0.0029 4000000
0.050   0.2835  0.0804  0.0072 6000000
0.150   0.2641  0.0697  0.0036 6000000
0.250   0.2423  0.0587  0.0052 6000000
0.350   0.2232  0.0498  0.0059 6000000
0.450   0.2007  0.0403  0.0054 6000000
0.550   0.1850  0.0343  0.0059 6000000
0.650   0.1580  0.0250  0.0060 6000000
0.750   0.1391  0.0194  0.0043 6000000
0.850   0.1170  0.0137  0.0053 6000000
0.950   0.0986  0.0097  0.0030 6000000
1.050   0.0812  0.0066  0.0024 6000000
1.150   0.0639  0.0041  0.0016 6000000
1.250   0.0485  0.0024  0.0036 6000000
1.350   0.0358  0.0013  0.0014 6000000
1.450   0.0241  0.0006  0.0023 6000000
1.550   0.0163  0.0003  0.0008 6000000
1.650   0.0083  0.0001  0.0013 6000000
1.750   0.0029  0.0000  0.0024 6000000
0.050   0.2837  0.0805  0.0063 8000000
0.150   0.2643  0.0699  0.0032 8000000
0.250   0.2429  0.0590  0.0046 8000000
0.350   0.2235  0.0500  0.0052 8000000
0.450   0.2019  0.0408  0.0051 8000000
0.550   0.1842  0.0340  0.0054 8000000
0.650   0.1583  0.0251  0.0052 8000000
0.750   0.1391  0.0194  0.0038 8000000
0.850   0.1169  0.0137  0.0046 8000000
0.950   0.0988  0.0098  0.0026 8000000
1.050   0.0809  0.0065  0.0022 8000000
1.150   0.0636  0.0040  0.0015 8000000
1.250   0.0484  0.0024  0.0031 8000000
1.350   0.0358  0.0013  0.0013 8000000
1.450   0.0241  0.0006  0.0020 8000000
1.550   0.0164  0.0003  0.0007 8000000
1.650   0.0084  0.0001  0.0011 8000000
1.750   0.0029  0.0000  0.0021 8000000
0.050   0.2838  0.0806  0.0056 10000000
0.150   0.2645  0.0700  0.0029 10000000
0.250   0.2432  0.0592  0.0042 10000000
0.350   0.2239  0.0502  0.0047 10000000
0.450   0.2026  0.0411  0.0048 10000000
0.550   0.1836  0.0338  0.0049 10000000
0.650   0.1586  0.0252  0.0047 10000000
0.750   0.1392  0.0194  0.0034 10000000
0.850   0.1167  0.0136  0.0042 10000000
0.950   0.0989  0.0098  0.0024 10000000
1.050   0.0805  0.0065  0.0020 10000000
1.150   0.0634  0.0040  0.0014 10000000
1.250   0.0484  0.0024  0.0028 10000000
1.350   0.0357  0.0013  0.0011 10000000
1.450   0.0242  0.0006  0.0018 10000000
1.550   0.0164  0.0003  0.0006 10000000
1.650   0.0085  0.0001  0.0010 10000000
1.750   0.0028  0.0000  0.0019 10000000
0.050   0.2839  0.0806  0.0051 12000000
0.150   0.2646  0.0700  0.0026 12000000
0.250   0.2433  0.0592  0.0039 12000000
0.350   0.2241  0.0503  0.0043 12000000
0.450   0.2031  0.0413  0.0045 12000000
0.550   0.1833  0.0336  0.0046 12000000
0.650   0.1588  0.0252  0.0043 12000000
0.750   0.1393  0.0194  0.0031 12000000
0.850   0.1166  0.0136  0.0038 12000000
0.950   0.0989  0.0098  0.0022 12000000
1.050   0.0803  0.0065  0.0020 12000000
1.150   0.0633  0.0040  0.0013 12000000
1.250   0.0484  0.0023  0.0025 12000000
1.350   0.0357  0.0013  0.0010 12000000
1.450   0.0242  0.0006  0.0017 12000000
1.550   0.0164  0.0003  0.0006 12000000
1.650   0.0085  0.0001  0.0009 12000000
1.750   0.0028  0.0000  0.0017 12000000
0.050   0.2840  0.0807  0.0048 14000000
0.150   0.2647  0.0701  0.0025 14000000
0.250   0.2435  0.0593  0.0036 14000000
0.350   0.2242  0.0503  0.0040 14000000
0.450   0.2034  0.0414  0.0042 14000000
0.550   0.1830  0.0335  0.0043 14000000
0.650   0.1589  0.0253  0.0040 14000000
0.750   0.1392  0.0194  0.0029 14000000
0.850   0.1166  0.0136  0.0035 14000000
0.950   0.0989  0.0098  0.0020 14000000
1.050   0.0801  0.0064  0.0019 14000000
1.150   0.0631  0.0040  0.0013 14000000
1.250   0.0484  0.0023  0.0024 14000000
1.350   0.0357  0.0013  0.0010 14000000
1.450   0.0243  0.0006  0.0015 14000000
1.550   0.0164  0.0003  0.0005 14000000
1.650   0.0085  0.0001  0.0009 14000000
1.750   0.0028  0.0000  0.0016 14000000
0.050   0.2840  0.0807  0.0045 16000000
0.150   0.2649  0.0702  0.0023 16000000
0.250   0.2436  0.0594  0.0034 16000000
0.350   0.2242  0.0503  0.0037 16000000
0.450   0.2036  0.0415  0.0040 16000000
0.550   0.1828  0.0334  0.0040 16000000
0.650   0.1590  0.0253  0.0037 16000000
0.750   0.1391  0.0194  0.0027 16000000
0.850   0.1166  0.0136  0.0033 16000000
0.950   0.0988  0.0098  0.0019 16000000
1.050   0.0799  0.0064  0.0018 16000000
1.150   0.0630  0.0040  0.0012 16000000
1.250   0.0483  0.0023  0.0022 16000000
1.350   0.0357  0.0013  0.0009 16000000
1.450   0.0244  0.0006  0.0015 16000000
1.550   0.0164  0.0003  0.0005 16000000
1.650   0.0086  0.0001  0.0008 16000000
1.750   0.0028  0.0000  0.0015 16000000
0.050   0.2841  0.0807  0.0042 18000000
0.150   0.2649  0.0702  0.0022 18000000
0.250   0.2437  0.0594  0.0032 18000000
0.350   0.2242  0.0503  0.0035 18000000
0.450   0.2037  0.0415  0.0038 18000000
0.550   0.1827  0.0334  0.0038 18000000
0.650   0.1590  0.0253  0.0035 18000000
0.750   0.1391  0.0193  0.0025 18000000
0.850   0.1166  0.0136  0.0031 18000000
0.950   0.0988  0.0098  0.0018 18000000
1.050   0.0798  0.0064  0.0018 18000000
1.150   0.0630  0.0040  0.0012 18000000
1.250   0.0483  0.0023  0.0021 18000000
1.350   0.0357  0.0013  0.0008 18000000
1.450   0.0244  0.0006  0.0014 18000000
1.550   0.0164  0.0003  0.0005 18000000
1.650   0.0086  0.0001  0.0008 18000000
1.750   0.0028  0.0000  0.0014 18000000
0.050   0.2841  0.0808  0.0040 20000000
0.150   0.2650  0.0702  0.0021 20000000
0.250   0.2438  0.0594  0.0030 20000000
0.350   0.2242  0.0503  0.0033 20000000
0.450   0.2038  0.0416  0.0036 20000000
0.550   0.1825  0.0333  0.0036 20000000
0.650   0.1591  0.0253  0.0033 20000000
0.750   0.1390  0.0193  0.0024 20000000
0.850   0.1166  0.0136  0.0029 20000000
0.950   0.0987  0.0097  0.0017 20000000
1.050   0.0797  0.0063  0.0017 20000000
1.150   0.0629  0.0040  0.0011 20000000
1.250   0.0483  0.0023  0.0020 20000000
1.350   0.0357  0.0013  0.0008 20000000
1.450   0.0245  0.0006  0.0013 20000000
1.550   0.0164  0.0003  0.0005 20000000
1.650   0.0086  0.0001  0.0007 20000000
1.750   0.0028  0.0000  0.0013 20000000
