# ICODE=1701080941, JCODE=0
# Normalized GAUSSIAN BF, SIGMA_GAUSS=0.3
# NSAMPLE=100000, Tblast=100, UPERPblast(x,y)=(0.75,0.75)
# BARYON_FUDGE=0.75
# ------- normalization=0.98345 -----------------
#dely    BF
0.050 -0.2223 -0.0010
0.150 -0.1670 -0.0008
0.250 -0.1855 -0.0009
0.350 -0.0958 -0.0005
0.450 -0.0674 -0.0003
0.550 -0.0471 -0.0002
0.650  0.0328  0.0002
0.750  0.0803  0.0004
0.850  0.0997  0.0005
0.950  0.1600  0.0009
1.050  0.1904  0.0011
1.150  0.2626  0.0016
1.250  0.2702  0.0017
1.350  0.3228  0.0021
1.450  0.3177  0.0022
1.550  0.3405  0.0024
1.650  0.3489  0.0026
1.750  0.3613  0.0028
1.850  0.3425  0.0028
1.950  0.3155  0.0027
2.050  0.2833  0.0025
2.150  0.3144  0.0029
2.250  0.2531  0.0025
2.350  0.2359  0.0024
2.450  0.1970  0.0021
2.550  0.1729  0.0019
2.650  0.1370  0.0016
2.750  0.1318  0.0016
2.850  0.1287  0.0016
2.950  0.1164  0.0016
3.050  0.0892  0.0013
3.150  0.0681  0.0010
3.250  0.0723  0.0011
3.350  0.0550  0.0009
3.450  0.0548  0.0009
3.550  0.0567  0.0010
3.650  0.0503  0.0009
3.750  0.0527  0.0010
3.850  0.0532  0.0011
3.950  0.0581  0.0012
4.050  0.0474  0.0011
4.150  0.0597  0.0014
4.250  0.0687  0.0017
4.350  0.0462  0.0012
4.450  0.0791  0.0021
4.550  0.0665  0.0018
4.650  0.0668  0.0019
4.750  0.0674  0.0021
4.850  0.0433  0.0014
4.950  0.0723  0.0024
5.050  0.0519  0.0018
5.150  0.1121  0.0039
5.250  0.0760  0.0028
5.350  0.1121  0.0041
5.450  0.1134  0.0046
5.550  0.1266  0.0052
5.650  0.1047  0.0046
5.750  0.1234  0.0057
5.850  0.0829  0.0040
5.950  0.1305  0.0064
6.050  0.0653  0.0034
6.150  0.1033  0.0055
6.250  0.0506  0.0028
6.350  0.1147  0.0066
6.450  0.0673  0.0042
6.550  0.0712  0.0045
6.650  0.1030  0.0066
6.750  0.1170  0.0078
6.850  0.0729  0.0052
6.950  0.1057  0.0075
7.050  0.1005  0.0078
7.150  0.0855  0.0070
7.250  0.0848  0.0066
7.350  0.0629  0.0058
7.450  0.1005  0.0090
7.550  0.0634  0.0063
7.650  0.0475  0.0047
7.750  0.0802  0.0090
7.850  0.0836  0.0093
7.950  0.0323  0.0036
8.050  0.0800  0.0089
8.150  0.0782  0.0093
8.250  0.0612  0.0074
8.350  0.0310  0.0036
8.450  0.0469  0.0067
8.550  0.0655  0.0095
8.650  0.0581  0.0078
8.750  0.0737  0.0103
8.850  0.0357  0.0058
8.950  0.0264  0.0042
9.050  0.0271  0.0045
9.150  0.0491  0.0097
9.250  0.0254  0.0044
9.350  0.0467  0.0088
9.450  0.0727  0.0136
9.550  0.0373  0.0074
9.650  0.0516  0.0104
9.750  0.0389  0.0089
9.850  0.0023  0.0006
9.950  0.0111  0.0030
10.050  0.0320  0.0075
10.150  0.0126  0.0033
10.250 -0.0081 -0.0024
10.350 -0.0065 -0.0019
10.450  0.0147  0.0042
10.550  0.0314  0.0091
10.650  0.0405  0.0094
10.750  0.0200  0.0083
10.850  0.0159  0.0060
10.950  0.0184  0.0082
11.050  0.0158  0.0054
11.150 -0.0099 -0.0038
11.250  0.0213  0.0091
11.350  0.0485  0.0171
11.450 -0.0000 -0.0000
11.550  0.0224  0.0111
11.650  0.0104  0.0055
11.750  0.0122  0.0078
11.850  0.0279  0.0145
11.950  0.0417  0.0000
