# ICODE=211, JCODE=-321
# Normalized GAUSSIAN BF, SIGMA_GAUSS=0.3
# NSAMPLE=100000, Tblast=100, UPERPblast(x,y)=(0.75,0.75)
# BARYON_FUDGE=0.75
# ------- normalization=0.0985416 -----------------
#dely    BF
0.050  0.1023  0.0016
0.150  0.0738  0.0011
0.250  0.1448  0.0022
0.350  0.1026  0.0016
0.450  0.1077  0.0017
0.550  0.0876  0.0014
0.650  0.0983  0.0016
0.750  0.1056  0.0018
0.850  0.0838  0.0015
0.950  0.0831  0.0015
1.050  0.0737  0.0013
1.150  0.0728  0.0014
1.250  0.0498  0.0010
1.350  0.0245  0.0005
1.450  0.0299  0.0006
1.550  0.0268  0.0006
1.650  0.0198  0.0004
1.750  0.0118  0.0003
1.850 -0.0018 -0.0000
1.950 -0.0100 -0.0003
2.050 -0.0214 -0.0006
2.150 -0.0231 -0.0007
2.250 -0.0132 -0.0004
2.350 -0.0222 -0.0007
2.450 -0.0212 -0.0007
2.550 -0.0121 -0.0004
2.650 -0.0368 -0.0012
2.750 -0.0282 -0.0010
2.850 -0.0241 -0.0009
2.950 -0.0253 -0.0010
3.050 -0.0198 -0.0008
3.150 -0.0259 -0.0010
3.250 -0.0335 -0.0014
3.350 -0.0068 -0.0003
3.450 -0.0171 -0.0008
3.550 -0.0324 -0.0016
3.650 -0.0293 -0.0014
3.750 -0.0256 -0.0013
3.850 -0.0151 -0.0008
3.950 -0.0232 -0.0013
4.050 -0.0231 -0.0013
4.150 -0.0230 -0.0014
4.250 -0.0127 -0.0007
4.350  0.0009  0.0001
4.450  0.0069  0.0005
4.550 -0.0092 -0.0006
4.650 -0.0277 -0.0018
4.750  0.0001  0.0000
4.850 -0.0090 -0.0007
4.950 -0.0197 -0.0015
5.050 -0.0116 -0.0010
5.150  0.0066  0.0005
5.250  0.0097  0.0008
5.350 -0.0116 -0.0011
5.450 -0.0184 -0.0019
5.550 -0.0091 -0.0009
5.650  0.0232  0.0025
5.750 -0.0573 -0.0060
5.850  0.0026  0.0003
5.950 -0.0169 -0.0022
6.050  0.0060  0.0007
6.150 -0.0037 -0.0005
6.250  0.0092  0.0013
6.350 -0.0035 -0.0005
6.450 -0.0249 -0.0041
6.550 -0.0753 -0.0102
6.650  0.0142  0.0022
6.750  0.0300  0.0041
6.850 -0.0024 -0.0005
6.950  0.0066  0.0013
7.050 -0.0298 -0.0049
7.150  0.0621  0.0126
7.250  0.0184  0.0039
7.350  0.0461  0.0084
7.450  0.0878  0.0167
7.550  0.0054  0.0011
7.650 -0.0112 -0.0020
7.750 -0.0036 -0.0009
7.850  0.0116  0.0025
7.950  0.0252  0.0102
8.050  0.0446  0.0121
8.150 -0.0300 -0.0079
8.250  0.0488  0.0184
8.350 -0.0039 -0.0011
8.450 -0.0178 -0.0051
8.550  0.0279  0.0117
8.650  0.0118  0.0031
8.750 -0.0376 -0.0135
8.850 -0.0515 -0.0188
8.950 -0.0035 -0.0012
9.050  0.0239  0.0122
9.150  0.0264  0.0264
9.250  0.0069  0.0023
9.350 -0.0006 -0.0003
9.450  0.0006  0.0003
9.550 -0.0379 -0.0228
9.650  0.0296  0.0216
9.750 -0.0060 -0.0027
9.850  0.0000  0.0000
9.950 -0.0578 -0.0370
10.050 -0.0007 -0.0003
10.150 -0.0006 -0.0003
10.250  0.0019  0.0011
10.350  0.0388  0.0350
10.450  0.0006  0.0003
10.550  0.0730  0.1166
10.650  0.0000  0.0000
10.750  0.0007  0.0007
10.850  0.0007  0.0005
10.950 -0.0007 -0.0005
11.050  0.0000  0.0000
11.150  0.0008  0.0004
11.250  0.0022  0.0010
11.350  0.0000  0.0000
11.450  0.0000  0.0000
11.550 -0.0079 -0.0047
11.650  0.0000  0.0000
11.750  0.0000  0.0000
11.850  0.0000  0.0000
11.950  0.0000  0.0000
