# ICODE=211, JCODE=-2212
# Normalized GAUSSIAN BF, SIGMA_GAUSS=0.3
# NSAMPLE=20000000, Tblast=100, UPERPblast(x,y)=(0.75,0.75)
# BARYON_FUDGE=0.75
# ------- normalization=0 -----------------
#dely    BF_mean   BF_sq    BF_var    Samples
0.050   0.0191  0.0004  0.0049 2000000
0.150   0.0153  0.0003  0.0056 2000000
0.250   0.0151  0.0002  0.0026 2000000
0.350   0.0080  0.0001  0.0050 2000000
0.450   0.0052  0.0000  0.0016 2000000
0.550   0.0019  0.0000  0.0025 2000000
0.650   0.0015  0.0000  0.0009 2000000
0.750   0.0005  0.0000  0.0009 2000000
0.850  -0.0006  0.0000  0.0006 2000000
0.950  -0.0004  0.0000  0.0006 2000000
1.050   0.0002  0.0000  0.0004 2000000
1.150  -0.0004  0.0000  0.0003 2000000
1.250  -0.0001  0.0000  0.0002 2000000
1.350  -0.0002  0.0000  0.0001 2000000
1.450  -0.0001  0.0000  0.0001 2000000
1.550  -0.0000  0.0000  0.0001 2000000
1.650  -0.0000  0.0000  0.0000 2000000
1.750   0.0000  0.0000  0.0000 2000000
0.050   0.0195  0.0004  0.0035 4000000
0.150   0.0162  0.0003  0.0041 4000000
0.250   0.0142  0.0002  0.0020 4000000
0.350   0.0091  0.0001  0.0037 4000000
0.450   0.0049  0.0000  0.0012 4000000
0.550   0.0025  0.0000  0.0018 4000000
0.650   0.0021  0.0000  0.0009 4000000
0.750   0.0002  0.0000  0.0007 4000000
0.850  -0.0005  0.0000  0.0005 4000000
0.950  -0.0001  0.0000  0.0005 4000000
1.050   0.0001  0.0000  0.0003 4000000
1.150  -0.0003  0.0000  0.0002 4000000
1.250  -0.0002  0.0000  0.0002 4000000
1.350  -0.0002  0.0000  0.0001 4000000
1.450  -0.0000  0.0000  0.0001 4000000
1.550  -0.0000  0.0000  0.0001 4000000
1.650  -0.0000  0.0000  0.0000 4000000
1.750   0.0000  0.0000  0.0000 4000000
0.050   0.0198  0.0004  0.0029 6000000
0.150   0.0166  0.0003  0.0034 6000000
0.250   0.0141  0.0002  0.0017 6000000
0.350   0.0094  0.0001  0.0031 6000000
0.450   0.0048  0.0000  0.0010 6000000
0.550   0.0026  0.0000  0.0015 6000000
0.650   0.0023  0.0000  0.0008 6000000
0.750   0.0002  0.0000  0.0006 6000000
0.850  -0.0004  0.0000  0.0004 6000000
0.950   0.0000  0.0000  0.0005 6000000
1.050   0.0001  0.0000  0.0003 6000000
1.150  -0.0003  0.0000  0.0002 6000000
1.250  -0.0002  0.0000  0.0001 6000000
1.350  -0.0001  0.0000  0.0001 6000000
1.450  -0.0000  0.0000  0.0001 6000000
1.550  -0.0000  0.0000  0.0000 6000000
1.650  -0.0000  0.0000  0.0000 6000000
1.750   0.0000  0.0000  0.0000 6000000
0.050   0.0200  0.0004  0.0025 8000000
0.150   0.0168  0.0003  0.0029 8000000
0.250   0.0140  0.0002  0.0015 8000000
0.350   0.0095  0.0001  0.0027 8000000
0.450   0.0048  0.0000  0.0009 8000000
0.550   0.0027  0.0000  0.0013 8000000
0.650   0.0023  0.0000  0.0007 8000000
0.750   0.0002  0.0000  0.0005 8000000
0.850  -0.0004  0.0000  0.0003 8000000
0.950   0.0000  0.0000  0.0004 8000000
1.050   0.0001  0.0000  0.0002 8000000
1.150  -0.0003  0.0000  0.0002 8000000
1.250  -0.0002  0.0000  0.0001 8000000
1.350  -0.0001  0.0000  0.0001 8000000
1.450  -0.0000  0.0000  0.0000 8000000
1.550  -0.0000  0.0000  0.0000 8000000
1.650  -0.0000  0.0000  0.0000 8000000
1.750   0.0000  0.0000  0.0000 8000000
0.050   0.0200  0.0004  0.0023 10000000
0.150   0.0169  0.0003  0.0026 10000000
0.250   0.0140  0.0002  0.0013 10000000
0.350   0.0094  0.0001  0.0024 10000000
0.450   0.0048  0.0000  0.0008 10000000
0.550   0.0028  0.0000  0.0012 10000000
0.650   0.0024  0.0000  0.0006 10000000
0.750   0.0002  0.0000  0.0005 10000000
0.850  -0.0003  0.0000  0.0003 10000000
0.950   0.0000  0.0000  0.0004 10000000
1.050   0.0001  0.0000  0.0002 10000000
1.150  -0.0003  0.0000  0.0002 10000000
1.250  -0.0002  0.0000  0.0001 10000000
1.350  -0.0001  0.0000  0.0001 10000000
1.450  -0.0000  0.0000  0.0000 10000000
1.550  -0.0000  0.0000  0.0000 10000000
1.650  -0.0000  0.0000  0.0000 10000000
1.750   0.0000  0.0000  0.0000 10000000
0.050   0.0201  0.0004  0.0021 12000000
0.150   0.0169  0.0003  0.0024 12000000
0.250   0.0139  0.0002  0.0012 12000000
0.350   0.0095  0.0001  0.0022 12000000
0.450   0.0048  0.0000  0.0007 12000000
0.550   0.0028  0.0000  0.0011 12000000
0.650   0.0024  0.0000  0.0006 12000000
0.750   0.0002  0.0000  0.0004 12000000
0.850  -0.0003  0.0000  0.0003 12000000
0.950   0.0000  0.0000  0.0003 12000000
1.050   0.0001  0.0000  0.0002 12000000
1.150  -0.0003  0.0000  0.0001 12000000
1.250  -0.0002  0.0000  0.0001 12000000
1.350  -0.0001  0.0000  0.0001 12000000
1.450  -0.0000  0.0000  0.0000 12000000
1.550  -0.0000  0.0000  0.0000 12000000
1.650  -0.0000  0.0000  0.0000 12000000
1.750   0.0000  0.0000  0.0000 12000000
0.050   0.0203  0.0004  0.0020 14000000
0.150   0.0170  0.0003  0.0022 14000000
0.250   0.0140  0.0002  0.0011 14000000
0.350   0.0095  0.0001  0.0020 14000000
0.450   0.0048  0.0000  0.0007 14000000
0.550   0.0029  0.0000  0.0010 14000000
0.650   0.0024  0.0000  0.0005 14000000
0.750   0.0002  0.0000  0.0004 14000000
0.850  -0.0002  0.0000  0.0003 14000000
0.950   0.0000  0.0000  0.0003 14000000
1.050   0.0000  0.0000  0.0002 14000000
1.150  -0.0003  0.0000  0.0001 14000000
1.250  -0.0002  0.0000  0.0001 14000000
1.350  -0.0001  0.0000  0.0001 14000000
1.450  -0.0000  0.0000  0.0000 14000000
1.550  -0.0000  0.0000  0.0000 14000000
1.650  -0.0000  0.0000  0.0000 14000000
1.750   0.0000  0.0000  0.0000 14000000
0.050   0.0205  0.0004  0.0019 16000000
0.150   0.0170  0.0003  0.0021 16000000
0.250   0.0139  0.0002  0.0010 16000000
0.350   0.0095  0.0001  0.0019 16000000
0.450   0.0049  0.0000  0.0006 16000000
0.550   0.0029  0.0000  0.0010 16000000
0.650   0.0023  0.0000  0.0005 16000000
0.750   0.0003  0.0000  0.0004 16000000
0.850  -0.0002  0.0000  0.0003 16000000
0.950   0.0000  0.0000  0.0003 16000000
1.050   0.0000  0.0000  0.0002 16000000
1.150  -0.0003  0.0000  0.0001 16000000
1.250  -0.0002  0.0000  0.0001 16000000
1.350  -0.0001  0.0000  0.0001 16000000
1.450  -0.0000  0.0000  0.0000 16000000
1.550  -0.0000  0.0000  0.0000 16000000
1.650  -0.0000  0.0000  0.0000 16000000
1.750   0.0000  0.0000  0.0000 16000000
0.050   0.0206  0.0004  0.0018 18000000
0.150   0.0171  0.0003  0.0020 18000000
0.250   0.0140  0.0002  0.0010 18000000
0.350   0.0095  0.0001  0.0018 18000000
0.450   0.0049  0.0000  0.0006 18000000
0.550   0.0029  0.0000  0.0009 18000000
0.650   0.0023  0.0000  0.0005 18000000
0.750   0.0003  0.0000  0.0004 18000000
0.850  -0.0002  0.0000  0.0003 18000000
0.950   0.0000  0.0000  0.0003 18000000
1.050   0.0000  0.0000  0.0002 18000000
1.150  -0.0003  0.0000  0.0001 18000000
1.250  -0.0002  0.0000  0.0001 18000000
1.350  -0.0001  0.0000  0.0001 18000000
1.450  -0.0000  0.0000  0.0000 18000000
1.550  -0.0000  0.0000  0.0000 18000000
1.650  -0.0000  0.0000  0.0000 18000000
1.750   0.0000  0.0000  0.0000 18000000
0.050   0.0206  0.0004  0.0017 20000000
0.150   0.0172  0.0003  0.0019 20000000
0.250   0.0140  0.0002  0.0009 20000000
0.350   0.0096  0.0001  0.0017 20000000
0.450   0.0049  0.0000  0.0006 20000000
0.550   0.0030  0.0000  0.0009 20000000
0.650   0.0023  0.0000  0.0005 20000000
0.750   0.0003  0.0000  0.0004 20000000
0.850  -0.0001  0.0000  0.0003 20000000
0.950   0.0001  0.0000  0.0003 20000000
1.050   0.0000  0.0000  0.0002 20000000
1.150  -0.0003  0.0000  0.0001 20000000
1.250  -0.0002  0.0000  0.0001 20000000
1.350  -0.0001  0.0000  0.0000 20000000
1.450  -0.0000  0.0000  0.0000 20000000
1.550  -0.0000  0.0000  0.0000 20000000
1.650  -0.0000  0.0000  0.0000 20000000
1.750   0.0000  0.0000  0.0000 20000000
