# ICODE=2212, JCODE=-2212
# Normalized GAUSSIAN BF, SIGMA_GAUSS=0.3
# NSAMPLE=100000, Tblast=100, UPERPblast(x,y)=(0.75,0.75)
# BARYON_FUDGE=0.75
# ------- normalization=0.518533 -----------------
#dely    BF
0.050  0.3434  0.0284
0.150  0.3897  0.0331
0.250  0.4246  0.0371
0.350  0.4894  0.0444
0.450  0.3806  0.0374
0.550  0.4748  0.0437
0.650  0.3787  0.0395
0.750  0.6547  0.0649
0.850  0.7424  0.0709
0.950  0.5122  0.0556
1.050  0.4894  0.0516
1.150  0.4211  0.0487
1.250  0.4136  0.0466
1.350  0.4401  0.0530
1.450  0.2881  0.0369
1.550  0.1197  0.0205
1.650  0.2261  0.0349
1.750  0.1382  0.0234
1.850  0.2344  0.0350
1.950  0.1170  0.0187
2.050  0.1170  0.0195
2.150  0.1159  0.0202
2.250  0.1124  0.0187
2.350  0.0808  0.0162
2.450  0.0668  0.0157
2.550  0.1029  0.0210
2.650  0.0883  0.0221
2.750  0.0447  0.0095
2.850  0.0482  0.0120
2.950  0.0473  0.0112
3.050  0.0491  0.0110
3.150  0.0070  0.0023
3.250 -0.0018 -0.0005
3.350  0.0000  0.0000
3.450 -0.0061 -0.0023
3.550 -0.0029 -0.0009
3.650 -0.0032 -0.0014
3.750 -0.0062 -0.0036
3.850 -0.1145 -0.0383
3.950 -0.0296 -0.0133
4.050 -0.0383 -0.0192
4.150 -0.0391 -0.0175
4.250 -0.0772 -0.0316
4.350 -0.1103 -0.0453
4.450 -0.0882 -0.0445
4.550  0.0000  0.0000
4.650 -0.0804 -0.0577
4.750 -0.0584 -0.0339
4.850 -0.2097 -0.1502
4.950  0.0000  0.0000
5.050 -0.1566 -0.1170
5.150 -0.0073 -0.0051
5.250 -0.0107 -0.0076
5.350 -0.1386 -0.1386
5.450  0.0000  0.0000
5.550 -0.3914 -0.2191
5.650 -0.1755 -0.1045
5.750 -0.1078 -0.0636
5.850  0.0000  0.0000
5.950  0.0000  0.0000
6.050  0.0000  0.0000
6.150  0.0000  0.0000
6.250  0.0000  0.0000
6.350  0.0000  0.0000
6.450 -0.1270 -0.0932
6.550 -0.2819 -0.2339
6.650  0.0000  0.0000
6.750 -0.2993 -0.2993
6.850 -0.1068 -0.0775
6.950  0.0000  0.0000
7.050  0.0000  0.0000
7.150  0.0000  0.0000
7.250  0.0000  0.0000
7.350  0.0000  0.0000
7.450 -0.2460 -0.2460
7.550  0.0000  0.0000
7.650  0.0000  0.0000
7.750  0.0000  0.0000
7.850  0.0000  0.0000
7.950 -0.2206 -0.1731
8.050  0.0000  0.0000
8.150  0.0000  0.0000
8.250  0.0000  0.0000
8.350  0.0000  0.0000
8.450 -0.2381 -0.2381
8.550  0.0000  0.0000
8.650  0.0000  0.0000
8.750  0.0000  0.0000
8.850  0.0000  0.0000
8.950  0.0000  0.0000
9.050  0.0000  0.0000
9.150  0.0000  0.0000
9.250  0.0000  0.0000
9.350  0.0000  0.0000
9.450  0.0000  0.0000
9.550  0.0000  0.0000
9.650  0.0000  0.0000
9.750  0.0000  0.0000
9.850  0.0000  0.0000
9.950  0.0000  0.0000
10.050  0.0000  0.0000
10.150  0.0000  0.0000
10.250  0.0000  0.0000
10.350  0.0000  0.0000
10.450  0.0000  0.0000
10.550  0.0000  0.0000
10.650  0.0000  0.0000
10.750  0.0000  0.0000
10.850  0.0000  0.0000
10.950  0.0000  0.0000
11.050  0.0000  0.0000
11.150  0.0000  0.0000
11.250  0.0000  0.0000
11.350  0.0000  0.0000
11.450  0.0000  0.0000
11.550  0.0000  0.0000
11.650  0.0000  0.0000
11.750  0.0000  0.0000
11.850  0.0000  0.0000
11.950  0.0000  0.0000
