# ICODE=2212, JCODE=-2212
# Normalized GAUSSIAN BF, SIGMA_GAUSS=0.3
# NSAMPLE=100000, Tblast=100, UPERPblast(x,y)=(0.75,0.75)
# BARYON_FUDGE=0.75
# ------- normalization=0.541171 -----------------
#dely    BF
0.050 -0.2369 -0.0182
0.150 -0.1786 -0.0149
0.250 -0.0991 -0.0079
0.350 -0.0617 -0.0051
0.450  0.0019  0.0002
0.550 -0.1219 -0.0109
0.650 -0.2491 -0.0231
0.750 -0.0166 -0.0017
0.850  0.0489  0.0048
0.950  0.1214  0.0135
1.050  0.0207  0.0021
1.150  0.0756  0.0104
1.250  0.1791  0.0235
1.350  0.1740  0.0249
1.450  0.2081  0.0307
1.550  0.2580  0.0369
1.650  0.1542  0.0273
1.750  0.2838  0.0537
1.850  0.2081  0.0321
1.950  0.1852  0.0350
2.050  0.4239  0.0730
2.150  0.1476  0.0323
2.250  0.2332  0.0499
2.350  0.4264  0.0896
2.450  0.0720  0.0200
2.550  0.0654  0.0198
2.650  0.3087  0.0699
2.750  0.0154  0.0046
2.850  0.3423  0.0846
2.950  0.3241  0.0878
3.050  0.0161  0.0041
3.150  0.2433  0.0711
3.250  0.1949  0.0569
3.350  0.1183  0.0344
3.450  0.0968  0.0345
3.550  0.0071  0.0050
3.650  0.2446  0.0718
3.750  0.2538  0.1068
3.850  0.0132  0.0054
3.950  0.1200  0.0544
4.050  0.0007  0.0004
4.150  0.1922  0.0802
4.250  0.2516  0.1064
4.350  0.0000  0.0000
4.450  0.0126  0.0073
4.550  0.0000  0.0000
4.650  0.0402  0.0232
4.750  0.0292  0.0169
4.850  0.0840  0.0599
4.950  0.1653  0.0847
5.050  0.1658  0.1004
5.150  0.0181  0.0128
5.250  0.0480  0.0342
5.350  0.0116  0.0116
5.450  0.0000  0.0000
5.550  0.0000  0.0000
5.650  0.0954  0.0954
5.750  0.0000  0.0000
5.850  0.0000  0.0000
5.950  0.0702  0.0702
6.050  0.0047  0.0047
6.150 -0.0004 -0.0004
6.250 -0.0024 -0.0024
6.350  0.0015  0.0015
6.450  0.0695  0.0695
6.550 -0.0060 -0.0060
6.650  0.0000  0.0000
6.750  0.0000  0.0000
6.850  0.0000  0.0000
6.950  0.0000  0.0000
7.050  0.0000  0.0000
7.150 -0.0194 -0.0194
7.250  0.0000  0.0000
7.350 -0.0255 -0.0180
7.450 -0.0271 -0.0271
7.550  0.0000  0.0000
7.650  0.0000  0.0000
7.750 -0.0435 -0.0252
7.850  0.0000  0.0000
7.950  0.0000  0.0000
8.050  0.0000  0.0000
8.150  0.0000  0.0000
8.250  0.0000  0.0000
8.350  0.0000  0.0000
8.450  0.0000  0.0000
8.550  0.0000  0.0000
8.650  0.0000  0.0000
8.750 -0.0766 -0.0766
8.850  0.0000  0.0000
8.950  0.0000  0.0000
9.050  0.0000  0.0000
9.150  0.0000  0.0000
9.250  0.0000  0.0000
9.350  0.0000  0.0000
9.450  0.0000  0.0000
9.550  0.0000  0.0000
9.650  0.0000  0.0000
9.750  0.0000  0.0000
9.850  0.0000  0.0000
9.950  0.0000  0.0000
10.050  0.0000  0.0000
10.150  0.0000  0.0000
10.250  0.0000  0.0000
10.350  0.0000  0.0000
10.450  0.0000  0.0000
10.550  0.0000  0.0000
10.650  0.0000  0.0000
10.750  0.0000  0.0000
10.850  0.0000  0.0000
10.950  0.0000  0.0000
11.050  0.0000  0.0000
11.150  0.0000  0.0000
11.250  0.0000  0.0000
11.350 -0.2704 -0.2704
11.450  0.0000  0.0000
11.550  0.0000  0.0000
11.650  0.0000  0.0000
11.750  0.0000  0.0000
11.850  0.0000  0.0000
11.950  0.0000  0.0000
