# ICODE=211, JCODE=-2212
# Normalized GAUSSIAN BF, SIGMA_GAUSS=0.3
# NSAMPLE=100000, Tblast=100, UPERPblast(x,y)=(0.75,0.75)
# BARYON_FUDGE=0.75
# ------- normalization=0.0243017 -----------------
#dely    BF
0.050  0.0272  0.0005
0.150  0.0241  0.0004
0.250  0.0189  0.0004
0.350  0.0127  0.0002
0.450  0.0068  0.0001
0.550 -0.0025 -0.0001
0.650 -0.0045 -0.0001
0.750 -0.0149 -0.0004
0.850 -0.0154 -0.0004
0.950 -0.0099 -0.0003
1.050 -0.0163 -0.0004
1.150 -0.0142 -0.0004
1.250  0.0009  0.0000
1.350  0.0069  0.0002
1.450  0.0115  0.0004
1.550  0.0014  0.0001
1.650  0.0014  0.0001
1.750  0.0208  0.0009
1.850  0.0157  0.0007
1.950 -0.0012 -0.0001
2.050  0.0000  0.0000
2.150  0.0070  0.0004
2.250  0.0103  0.0006
2.350  0.0177  0.0011
2.450  0.0095  0.0006
2.550  0.0077  0.0005
2.650  0.0050  0.0004
2.750 -0.0009 -0.0001
2.850  0.0058  0.0005
2.950  0.0033  0.0003
3.050  0.0031  0.0003
3.150  0.0013  0.0001
3.250  0.0071  0.0008
3.350  0.0070  0.0008
3.450  0.0030  0.0004
3.550  0.0065  0.0007
3.650  0.0028  0.0004
3.750  0.0021  0.0003
3.850  0.0009  0.0001
3.950  0.0022  0.0003
4.050  0.0010  0.0002
4.150 -0.0015 -0.0002
4.250  0.0053  0.0010
4.350  0.0045  0.0010
4.450  0.0031  0.0006
4.550  0.0041  0.0009
4.650  0.0016  0.0003
4.750 -0.0005 -0.0001
4.850  0.0022  0.0006
4.950  0.0007  0.0001
5.050 -0.0024 -0.0007
5.150 -0.0029 -0.0010
5.250  0.0056  0.0019
5.350  0.0109  0.0032
5.450  0.0040  0.0011
5.550  0.0028  0.0010
5.650 -0.0002 -0.0001
5.750 -0.0042 -0.0017
5.850  0.0079  0.0030
5.950  0.0001  0.0000
6.050  0.0091  0.0038
6.150  0.0018  0.0009
6.250 -0.0011 -0.0006
6.350  0.0034  0.0015
6.450  0.0056  0.0023
6.550  0.0009  0.0004
6.650  0.0001  0.0001
6.750 -0.0000 -0.0000
6.850  0.0029  0.0013
6.950  0.0013  0.0013
7.050 -0.0014 -0.0008
7.150 -0.0015 -0.0007
7.250  0.0000  0.0000
7.350 -0.0048 -0.0024
7.450 -0.0026 -0.0015
7.550  0.0000  0.0000
7.650  0.0035  0.0016
7.750 -0.0072 -0.0052
7.850  0.0000  0.0000
7.950  0.0035  0.0035
8.050 -0.0017 -0.0017
8.150  0.0000  0.0000
8.250 -0.0054 -0.0032
8.350  0.0021  0.0012
8.450 -0.0000 -0.0000
8.550  0.0000  0.0000
8.650  0.0000  0.0000
8.750  0.0000  0.0000
8.850  0.0043  0.0043
8.950  0.0000  0.0000
9.050  0.0000  0.0000
9.150  0.0000  0.0000
9.250  0.0000  0.0000
9.350  0.0000  0.0000
9.450  0.0000  0.0000
9.550  0.0000  0.0000
9.650  0.0000  0.0000
9.750  0.0000  0.0000
9.850  0.0080  0.0059
9.950  0.0026  0.0026
10.050  0.0000  0.0000
10.150  0.0000  0.0000
10.250  0.0000  0.0000
10.350  0.0000  0.0000
10.450  0.0000  0.0000
10.550  0.0000  0.0000
10.650  0.0000  0.0000
10.750  0.0000  0.0000
10.850  0.0000  0.0000
10.950  0.0000  0.0000
11.050  0.0000  0.0000
11.150  0.0000  0.0000
11.250  0.0000  0.0000
11.350  0.0000  0.0000
11.450  0.0000  0.0000
11.550  0.0000  0.0000
11.650  0.0000  0.0000
11.750  0.0067  0.0049
11.850  0.0000  0.0000
11.950  0.0000  0.0000
