# ICODE=211, JCODE=-321
# Normalized GAUSSIAN BF, SIGMA_GAUSS=0.3
# NSAMPLE=100000, Tblast=100, UPERPblast(x,y)=(0.75,0.75)
# BARYON_FUDGE=0.75
# ------- normalization=0.144844 -----------------
#dely    BF
0.050 -0.0425 -0.0006
0.150 -0.0518 -0.0007
0.250 -0.0399 -0.0006
0.350 -0.0428 -0.0006
0.450 -0.0391 -0.0006
0.550 -0.0452 -0.0007
0.650 -0.0357 -0.0006
0.750 -0.0394 -0.0006
0.850 -0.0195 -0.0003
0.950 -0.0176 -0.0003
1.050 -0.0200 -0.0004
1.150 -0.0240 -0.0005
1.250 -0.0316 -0.0006
1.350 -0.0171 -0.0003
1.450 -0.0154 -0.0003
1.550 -0.0292 -0.0007
1.650 -0.0072 -0.0002
1.750 -0.0078 -0.0002
1.850 -0.0084 -0.0002
1.950 -0.0109 -0.0003
2.050 -0.0025 -0.0001
2.150 -0.0074 -0.0002
2.250 -0.0069 -0.0002
2.350  0.0063  0.0002
2.450  0.0000  0.0000
2.550  0.0123  0.0005
2.650  0.0010  0.0000
2.750  0.0010  0.0000
2.850  0.0029  0.0001
2.950  0.0102  0.0004
3.050  0.0259  0.0012
3.150  0.0171  0.0008
3.250  0.0157  0.0008
3.350 -0.0013 -0.0001
3.450  0.0186  0.0010
3.550  0.0155  0.0009
3.650  0.0102  0.0006
3.750  0.0142  0.0009
3.850  0.0093  0.0006
3.950  0.0095  0.0006
4.050 -0.0045 -0.0003
4.150  0.0054  0.0004
4.250  0.0034  0.0003
4.350 -0.0037 -0.0003
4.450  0.0013  0.0001
4.550 -0.0064 -0.0005
4.650  0.0053  0.0005
4.750  0.0089  0.0008
4.850 -0.0045 -0.0004
4.950  0.0102  0.0010
5.050  0.0001  0.0000
5.150 -0.0032 -0.0003
5.250  0.0135  0.0015
5.350  0.0070  0.0008
5.450  0.0050  0.0005
5.550 -0.0063 -0.0007
5.650  0.0085  0.0009
5.750  0.0136  0.0015
5.850 -0.0019 -0.0002
5.950 -0.0002 -0.0000
6.050 -0.0087 -0.0012
6.150  0.0068  0.0010
6.250 -0.0029 -0.0004
6.350 -0.0046 -0.0007
6.450 -0.0007 -0.0001
6.550 -0.0033 -0.0005
6.650  0.0048  0.0007
6.750 -0.0042 -0.0006
6.850  0.0008  0.0001
6.950  0.0100  0.0017
7.050 -0.0066 -0.0013
7.150  0.0102  0.0016
7.250  0.0020  0.0004
7.350  0.0111  0.0026
7.450  0.0113  0.0028
7.550  0.0052  0.0010
7.650  0.0068  0.0014
7.750  0.0129  0.0023
7.850  0.0091  0.0025
7.950  0.0146  0.0035
8.050  0.0208  0.0058
8.150 -0.0124 -0.0050
8.250  0.0020  0.0006
8.350  0.0317  0.0073
8.450  0.0165  0.0046
8.550  0.0144  0.0042
8.650  0.0122  0.0040
8.750  0.0102  0.0031
8.850 -0.0075 -0.0025
8.950  0.0368  0.0115
9.050 -0.0109 -0.0046
9.150  0.0186  0.0079
9.250  0.0384  0.0140
9.350  0.0063  0.0021
9.450 -0.0002 -0.0001
9.550  0.0390  0.0176
9.650  0.0211  0.0081
9.750  0.0219  0.0191
9.850  0.0409  0.0163
9.950 -0.0057 -0.0023
10.050  0.0471  0.0195
10.150  0.0268  0.0104
10.250  0.0000  0.0000
10.350  0.0579  0.0425
10.450  0.0000  0.0000
10.550  0.0039  0.0044
10.650  0.0717  0.0305
10.750  0.0099  0.0048
10.850  0.0525  0.0316
10.950  0.0160  0.0160
11.050 -0.0031 -0.0022
11.150 -0.0146 -0.0093
11.250  0.0000  0.0000
11.350  0.1064  0.0838
11.450 -0.0279 -0.0279
11.550 -0.0254 -0.0254
11.650  0.0000  0.0000
11.750  0.0001  0.0001
11.850  0.0000  0.0000
11.950  0.0742  0.0746
