# ICODE=211, JCODE=-211
# Normalized GAUSSIAN BF, SIGMA_GAUSS=0.3
# NSAMPLE=500000, Tblast=100, UPERPblast(x,y)=(0.75,0.75)
# BARYON_FUDGE=0.75
# ------- normalization=0.177844 -----------------
#dely    BF
0.050  0.2369  0.0011
0.150  0.2231  0.0011
0.250  0.2062  0.0010
0.350  0.1953  0.0010
0.450  0.1723  0.0009
0.550  0.1546  0.0009
0.650  0.1297  0.0008
0.750  0.1073  0.0007
0.850  0.0889  0.0006
0.950  0.0748  0.0006
1.050  0.0577  0.0005
1.150  0.0459  0.0004
1.250  0.0323  0.0003
1.350  0.0256  0.0003
1.450  0.0143  0.0002
1.550  0.0107  0.0002
1.650  0.0024  0.0001
1.750  0.0004  0.0000
