# ICODE=321, JCODE=-321
# Normalized GAUSSIAN BF, SIGMA_GAUSS=0.3
# NSAMPLE=100000, Tblast=100, UPERPblast(x,y)=(0.75,0.75)
# BARYON_FUDGE=0.75
# ------- normalization=0.479549 -----------------
#dely    BF
0.050  0.9856  0.0375
0.150  1.0638  0.0400
0.250  1.0066  0.0373
0.350  0.8336  0.0313
0.450  0.7685  0.0302
0.550  0.5696  0.0226
0.650  0.3082  0.0122
0.750  0.1872  0.0080
0.850  0.0126  0.0005
0.950 -0.0533 -0.0024
1.050 -0.1672 -0.0075
1.150 -0.1743 -0.0084
1.250 -0.1627 -0.0080
1.350 -0.1951 -0.0101
1.450 -0.1267 -0.0072
1.550 -0.1443 -0.0077
1.650 -0.0916 -0.0051
1.750 -0.0713 -0.0041
1.850 -0.0487 -0.0029
1.950  0.0036  0.0002
2.050  0.0139  0.0010
2.150  0.0493  0.0035
2.250  0.0482  0.0035
2.350  0.0417  0.0034
2.450  0.0322  0.0025
2.550  0.0229  0.0019
2.650  0.0628  0.0055
2.750  0.0220  0.0022
2.850  0.0160  0.0016
2.950  0.0104  0.0009
3.050  0.0100  0.0010
3.150  0.0131  0.0014
3.250 -0.0009 -0.0001
3.350 -0.0002 -0.0000
3.450 -0.0197 -0.0021
3.550 -0.0037 -0.0005
3.650  0.0096  0.0013
3.750 -0.0157 -0.0020
3.850 -0.0093 -0.0014
3.950 -0.0198 -0.0029
4.050 -0.0059 -0.0010
4.150 -0.0078 -0.0013
4.250 -0.0220 -0.0037
4.350 -0.0113 -0.0020
4.450 -0.0124 -0.0023
4.550 -0.0028 -0.0005
4.650 -0.0071 -0.0013
4.750 -0.0114 -0.0022
4.850 -0.0145 -0.0027
4.950 -0.0084 -0.0018
5.050 -0.0118 -0.0029
5.150 -0.0012 -0.0003
5.250 -0.0102 -0.0021
5.350 -0.0063 -0.0013
5.450 -0.0030 -0.0008
5.550 -0.0061 -0.0016
5.650 -0.0055 -0.0013
5.750 -0.0022 -0.0008
5.850 -0.0064 -0.0016
5.950 -0.0040 -0.0013
6.050 -0.0008 -0.0003
6.150 -0.0017 -0.0006
6.250 -0.0004 -0.0001
6.350  0.0015  0.0004
6.450  0.0004  0.0002
6.550  0.0013  0.0006
6.650  0.0050  0.0017
6.750 -0.0023 -0.0008
6.850  0.0103  0.0039
6.950  0.0058  0.0026
7.050  0.0000  0.0000
7.150 -0.0007 -0.0003
7.250  0.0027  0.0012
7.350  0.0058  0.0024
7.450  0.0000  0.0000
7.550  0.0003  0.0001
7.650  0.0014  0.0007
7.750  0.0008  0.0005
7.850  0.0031  0.0018
7.950  0.0000  0.0000
8.050  0.0015  0.0011
8.150  0.0063  0.0036
8.250  0.0000  0.0000
8.350  0.0000  0.0000
8.450  0.0000  0.0000
8.550  0.0134  0.0134
8.650  0.0000  0.0000
8.750  0.0020  0.0009
8.850  0.0051  0.0036
8.950  0.0000  0.0000
9.050  0.0023  0.0023
9.150  0.0000  0.0000
9.250  0.0000  0.0000
9.350  0.0000  0.0000
9.450  0.0025  0.0025
9.550  0.0221  0.0157
9.650  0.0000  0.0000
9.750  0.0000  0.0000
9.850  0.0000  0.0000
9.950  0.0254  0.0181
10.050  0.0000  0.0000
10.150  0.0000  0.0000
10.250  0.0000  0.0000
10.350  0.0000  0.0000
10.450  0.0000  0.0000
10.550  0.0000  0.0000
10.650  0.0000  0.0000
10.750  0.0000  0.0000
10.850  0.0000  0.0000
10.950  0.0000  0.0000
11.050  0.0000  0.0000
11.150  0.0000  0.0000
11.250  0.0000  0.0000
11.350  0.0000  0.0000
11.450  0.0000  0.0000
11.550  0.0000  0.0000
11.650  0.0514  0.0514
11.750 -0.0006 -0.0006
11.850  0.0000  0.0000
11.950  0.0000  0.0000
