# ICODE=0, JCODE=0
# Normalized GAUSSIAN BF, SIGMA_GAUSS=0.3
# NSAMPLE=100000, Tblast=100, UPERPblast(x,y)=(0.75,0.75)
# BARYON_FUDGE=0.75
# ------- normalization=0.985805 -----------------
#dely    BF
0.050 -0.1887 -0.0009
0.150 -0.1662 -0.0008
0.250 -0.1670 -0.0008
0.350 -0.1297 -0.0007
0.450 -0.1204 -0.0006
0.550 -0.1027 -0.0005
0.650 -0.0840 -0.0005
0.750 -0.1164 -0.0006
0.850 -0.1027 -0.0006
0.950 -0.0613 -0.0004
1.050 -0.0546 -0.0003
1.150 -0.0983 -0.0006
1.250 -0.0597 -0.0004
1.350 -0.0502 -0.0003
1.450 -0.0479 -0.0003
1.550 -0.0870 -0.0006
1.650 -0.0535 -0.0004
1.750 -0.0651 -0.0005
1.850 -0.0404 -0.0003
1.950 -0.0357 -0.0003
2.050 -0.0023 -0.0000
2.150 -0.0298 -0.0003
2.250 -0.0311 -0.0003
2.350 -0.0153 -0.0001
2.450 -0.0094 -0.0001
2.550 -0.0231 -0.0002
2.650  0.0288  0.0003
2.750  0.0457  0.0005
2.850  0.0465  0.0005
2.950  0.0513  0.0006
3.050  0.0206  0.0003
3.150  0.0438  0.0006
3.250  0.0567  0.0007
3.350  0.0782  0.0011
3.450  0.1013  0.0014
3.550  0.0720  0.0011
3.650  0.0896  0.0014
3.750  0.1042  0.0016
3.850  0.1014  0.0017
3.950  0.1068  0.0018
4.050  0.1155  0.0020
4.150  0.1086  0.0020
4.250  0.1127  0.0021
4.350  0.1530  0.0030
4.450  0.1036  0.0021
4.550  0.1814  0.0038
4.650  0.1776  0.0038
4.750  0.1366  0.0031
4.850  0.1567  0.0037
4.950  0.1880  0.0044
5.050  0.1406  0.0036
5.150  0.1308  0.0034
5.250  0.1611  0.0043
5.350  0.1835  0.0051
5.450  0.1191  0.0034
5.550  0.1533  0.0046
5.650  0.1401  0.0043
5.750  0.0705  0.0023
5.850  0.1321  0.0046
5.950  0.1208  0.0042
6.050  0.1561  0.0055
6.150  0.1555  0.0056
6.250  0.1359  0.0052
6.350  0.1897  0.0072
6.450  0.1721  0.0070
6.550  0.2064  0.0083
6.650  0.2262  0.0099
6.750  0.1928  0.0086
6.850  0.1794  0.0086
6.950  0.1445  0.0072
7.050  0.1729  0.0085
7.150  0.1521  0.0078
7.250  0.1708  0.0090
7.350  0.1385  0.0080
7.450  0.1742  0.0100
7.550  0.1224  0.0074
7.650  0.1451  0.0090
7.750  0.1636  0.0105
7.850  0.1034  0.0066
7.950  0.1366  0.0095
8.050  0.1698  0.0122
8.150  0.1417  0.0108
8.250  0.1527  0.0116
8.350  0.1206  0.0092
8.450  0.2113  0.0173
8.550  0.1731  0.0148
8.650  0.1448  0.0128
8.750  0.1461  0.0136
8.850  0.1627  0.0143
8.950  0.0727  0.0068
9.050  0.0795  0.0077
9.150  0.1087  0.0117
9.250  0.1694  0.0197
9.350  0.0376  0.0043
9.450  0.1705  0.0202
9.550  0.0532  0.0061
9.650  0.1511  0.0216
9.750  0.1262  0.0163
9.850  0.0742  0.0101
9.950  0.0112  0.0016
10.050  0.1387  0.0188
10.150  0.0860  0.0128
10.250  0.0751  0.0121
10.350  0.0729  0.0106
10.450  0.0942  0.0175
10.550  0.0539  0.0096
10.650  0.0593  0.0111
10.750 -0.0295 -0.0060
10.850  0.1023  0.0277
10.950  0.1074  0.0247
11.050  0.0644  0.0138
11.150  0.1518  0.0305
11.250  0.0919  0.0226
11.350  0.1351  0.0313
11.450  0.1115  0.0249
11.550  0.0055  0.0013
11.650  0.0201  0.0046
11.750  0.0518  0.0191
11.850  0.0422  0.0132
11.950  0.3123  0.0000
