# ICODE=211, JCODE=-2212
# Normalized GAUSSIAN BF, SIGMA_GAUSS=0.3
# NSAMPLE=100000, Tblast=100, UPERPblast(x,y)=(0.75,0.75)
# BARYON_FUDGE=0.75
# ------- normalization=0.0191541 -----------------
#dely    BF
0.050  0.0182  0.0004
0.150  0.0115  0.0003
0.250  0.0121  0.0003
0.350  0.0255  0.0006
0.450  0.0110  0.0003
0.550 -0.0010 -0.0000
0.650 -0.0321 -0.0009
0.750 -0.0150 -0.0004
0.850 -0.0292 -0.0009
0.950 -0.0217 -0.0006
1.050 -0.0162 -0.0005
1.150 -0.0356 -0.0011
1.250 -0.0110 -0.0004
1.350 -0.0362 -0.0012
1.450 -0.0251 -0.0008
1.550 -0.0314 -0.0011
1.650 -0.0170 -0.0006
1.750 -0.0209 -0.0008
1.850 -0.0286 -0.0011
1.950 -0.0311 -0.0012
2.050 -0.0236 -0.0009
2.150 -0.0152 -0.0006
2.250 -0.0232 -0.0010
2.350 -0.0170 -0.0008
2.450 -0.0069 -0.0003
2.550 -0.0171 -0.0008
2.650 -0.0325 -0.0015
2.750 -0.0161 -0.0008
2.850 -0.0348 -0.0018
2.950 -0.0028 -0.0001
3.050 -0.0148 -0.0008
3.150 -0.0132 -0.0007
3.250 -0.0062 -0.0004
3.350 -0.0065 -0.0004
3.450 -0.0125 -0.0007
3.550  0.0119  0.0007
3.650 -0.0094 -0.0006
3.750  0.0116  0.0007
3.850 -0.0070 -0.0005
3.950  0.0061  0.0004
4.050 -0.0096 -0.0007
4.150 -0.0181 -0.0013
4.250 -0.0098 -0.0008
4.350 -0.0025 -0.0002
4.450 -0.0077 -0.0006
4.550 -0.0045 -0.0004
4.650  0.0076  0.0006
4.750 -0.0140 -0.0013
4.850 -0.0110 -0.0011
4.950 -0.0012 -0.0001
5.050 -0.0054 -0.0005
5.150 -0.0033 -0.0004
5.250  0.0031  0.0003
5.350  0.0097  0.0011
5.450  0.0031  0.0003
5.550 -0.0043 -0.0005
5.650  0.0068  0.0008
5.750  0.0070  0.0009
5.850  0.0031  0.0004
5.950 -0.0020 -0.0003
6.050 -0.0047 -0.0006
6.150  0.0378  0.0059
6.250 -0.0003 -0.0001
6.350 -0.0161 -0.0020
6.450 -0.0076 -0.0011
6.550  0.0058  0.0009
6.650 -0.0070 -0.0011
6.750 -0.0174 -0.0028
6.850  0.0176  0.0034
6.950  0.0032  0.0006
7.050 -0.0035 -0.0006
7.150  0.0230  0.0041
7.250 -0.0117 -0.0021
7.350 -0.0032 -0.0006
7.450  0.0055  0.0010
7.550  0.0186  0.0040
7.650  0.0043  0.0009
7.750 -0.0085 -0.0016
7.850 -0.0177 -0.0048
7.950  0.0198  0.0047
8.050 -0.0220 -0.0062
8.150  0.0062  0.0015
8.250 -0.0015 -0.0003
8.350 -0.0030 -0.0008
8.450  0.0589  0.0165
8.550  0.0054  0.0015
8.650 -0.0242 -0.0084
8.750 -0.0060 -0.0019
8.850  0.0142  0.0046
8.950  0.0122  0.0040
9.050  0.0042  0.0014
9.150  0.0056  0.0018
9.250  0.0132  0.0041
9.350 -0.0010 -0.0004
9.450  0.0451  0.0176
9.550 -0.0014 -0.0005
9.650  0.0212  0.0087
9.750  0.0143  0.0057
9.850 -0.0096 -0.0031
9.950  0.0123  0.0039
10.050  0.0252  0.0092
10.150  0.0005  0.0002
10.250 -0.0190 -0.0074
10.350  0.0324  0.0166
10.450  0.0124  0.0057
10.550 -0.0015 -0.0008
10.650  0.0320  0.0123
10.750  0.0013  0.0006
10.850 -0.0076 -0.0049
10.950  0.0027  0.0012
11.050 -0.0263 -0.0105
11.150  0.0034  0.0020
11.250  0.0000  0.0000
11.350 -0.0690 -0.0690
11.450 -0.0124 -0.0052
11.550  0.0229  0.0133
11.650  0.0441  0.0454
11.750  0.0000  0.0000
11.850  0.0000  0.0000
11.950  0.0374  0.0174
