# ICODE=211, JCODE=-321
# Normalized GAUSSIAN BF, SIGMA_GAUSS=0.3
# NSAMPLE=100000, Tblast=100, UPERPblast(x,y)=(0.75,0.75)
# BARYON_FUDGE=0.75
# ------- normalization=0.0898072 -----------------
#dely    BF
0.050  0.0752  0.0012
0.150  0.0968  0.0016
0.250  0.0910  0.0015
0.350  0.0848  0.0014
0.450  0.0851  0.0014
0.550  0.0743  0.0013
0.650  0.0875  0.0015
0.750  0.0499  0.0009
0.850  0.0424  0.0008
0.950  0.0436  0.0008
1.050  0.0445  0.0008
1.150  0.0469  0.0009
1.250  0.0307  0.0006
1.350  0.0441  0.0009
1.450  0.0211  0.0005
1.550  0.0216  0.0005
1.650  0.0180  0.0004
1.750  0.0258  0.0006
1.850  0.0138  0.0003
1.950  0.0318  0.0008
2.050  0.0187  0.0005
2.150  0.0198  0.0005
2.250  0.0333  0.0009
2.350  0.0255  0.0007
2.450  0.0191  0.0006
2.550 -0.0068 -0.0002
2.650  0.0092  0.0003
2.750  0.0160  0.0005
2.850  0.0301  0.0010
2.950  0.0219  0.0008
3.050 -0.0013 -0.0000
3.150  0.0011  0.0000
3.250 -0.0139 -0.0005
3.350 -0.0226 -0.0009
3.450  0.0091  0.0004
3.550 -0.0018 -0.0001
3.650  0.0039  0.0002
3.750  0.0013  0.0001
3.850 -0.0058 -0.0003
3.950 -0.0053 -0.0003
4.050 -0.0036 -0.0002
4.150 -0.0296 -0.0015
4.250 -0.0098 -0.0005
4.350 -0.0034 -0.0002
4.450 -0.0065 -0.0004
4.550 -0.0325 -0.0019
4.650 -0.0137 -0.0008
4.750 -0.0240 -0.0016
4.850 -0.0075 -0.0005
4.950 -0.0176 -0.0012
5.050 -0.0183 -0.0012
5.150 -0.0091 -0.0007
5.250 -0.0030 -0.0002
5.350 -0.0049 -0.0004
5.450 -0.0306 -0.0022
5.550 -0.0071 -0.0006
5.650 -0.0048 -0.0004
5.750 -0.0158 -0.0015
5.850  0.0012  0.0001
5.950 -0.0157 -0.0014
6.050  0.0043  0.0004
6.150 -0.0043 -0.0005
6.250  0.0110  0.0011
6.350 -0.0116 -0.0012
6.450 -0.0125 -0.0013
6.550  0.0029  0.0003
6.650 -0.0020 -0.0002
6.750 -0.0039 -0.0005
6.850 -0.0039 -0.0005
6.950 -0.0070 -0.0009
7.050 -0.0031 -0.0004
7.150 -0.0007 -0.0001
7.250 -0.0061 -0.0009
7.350 -0.0056 -0.0008
7.450 -0.0028 -0.0004
7.550 -0.0016 -0.0003
7.650 -0.0059 -0.0009
7.750 -0.0013 -0.0002
7.850  0.0010  0.0002
7.950 -0.0146 -0.0025
8.050 -0.0022 -0.0005
8.150 -0.0038 -0.0008
8.250 -0.0023 -0.0004
8.350 -0.0020 -0.0004
8.450 -0.0019 -0.0004
8.550 -0.0027 -0.0006
8.650 -0.0003 -0.0001
8.750 -0.0021 -0.0006
8.850  0.0018  0.0003
8.950  0.0027  0.0006
9.050 -0.0007 -0.0002
9.150  0.0018  0.0004
9.250 -0.0045 -0.0013
9.350  0.0043  0.0014
9.450  0.0042  0.0012
9.550 -0.0004 -0.0001
9.650  0.0019  0.0005
9.750 -0.0044 -0.0017
9.850 -0.0005 -0.0002
9.950 -0.0018 -0.0005
10.050  0.0019  0.0019
10.150  0.0046  0.0016
10.250  0.0101  0.0034
10.350  0.0026  0.0009
10.450  0.0031  0.0010
10.550 -0.0011 -0.0005
10.650 -0.0017 -0.0007
10.750 -0.0010 -0.0003
10.850  0.0000  0.0000
10.950  0.0001  0.0001
11.050  0.0113  0.0040
11.150  0.0007  0.0003
11.250 -0.0145 -0.0075
11.350  0.0000  0.0000
11.450 -0.0061 -0.0027
11.550  0.0000  0.0000
11.650 -0.0001 -0.0000
11.750 -0.0000 -0.0000
11.850  0.0073  0.0043
11.950  0.0000  0.0000
