# ICODE=2212, JCODE=-2212
# Normalized GAUSSIAN BF, SIGMA_GAUSS=0.3
# NSAMPLE=100000, Tblast=100, UPERPblast(x,y)=(0.75,0.75)
# BARYON_FUDGE=0.75
# ------- normalization=0.411105 -----------------
#dely    BF
0.050  0.3824  0.0322
0.150  0.3628  0.0307
0.250  0.3559  0.0304
0.350  0.3919  0.0345
0.450  0.2712  0.0277
0.550  0.2689  0.0258
0.650  0.2122  0.0211
0.750  0.2163  0.0220
0.850  0.1953  0.0206
0.950  0.1480  0.0162
1.050  0.0954  0.0113
1.150  0.0421  0.0051
1.250 -0.0267 -0.0032
1.350  0.0118  0.0015
1.450  0.0157  0.0018
1.550 -0.0120 -0.0018
1.650  0.0186  0.0031
1.750  0.0146  0.0023
1.850 -0.0270 -0.0042
1.950 -0.0258 -0.0044
2.050 -0.0082 -0.0015
2.150 -0.0595 -0.0109
2.250 -0.0188 -0.0031
2.350  0.0219  0.0055
2.450  0.0336  0.0082
2.550  0.0140  0.0031
2.650  0.0180  0.0045
2.750  0.0276  0.0065
2.850  0.0124  0.0028
2.950  0.0209  0.0051
3.050  0.0261  0.0070
3.150  0.0296  0.0070
3.250  0.0557  0.0125
3.350  0.0392  0.0098
3.450  0.0623  0.0173
3.550  0.0000  0.0000
3.650  0.0178  0.0073
3.750  0.1263  0.0382
3.850 -0.0533 -0.0218
3.950  0.0181  0.0060
4.050  0.1194  0.0536
4.150  0.1048  0.0318
4.250  0.0245  0.0141
4.350  0.0322  0.0114
4.450  0.0657  0.0330
4.550  0.0000  0.0000
4.650  0.1154  0.0386
4.750 -0.0000 -0.0000
4.850  0.0000  0.0000
4.950  0.0324  0.0230
5.050  0.0328  0.0164
5.150  0.0061  0.0035
5.250  0.0443  0.0257
5.350  0.0529  0.0307
5.450  0.0000  0.0000
5.550  0.0000  0.0000
5.650 -0.0272 -0.0193
5.750 -0.0306 -0.0217
5.850  0.0000  0.0000
5.950  0.0990  0.0406
6.050  0.0056  0.0056
6.150  0.0000  0.0000
6.250  0.0000  0.0000
6.350  0.0000  0.0000
6.450 -0.0361 -0.0361
6.550  0.0000  0.0000
6.650  0.0000  0.0000
6.750  0.0134  0.0134
6.850  0.0000  0.0000
6.950  0.0217  0.0153
7.050  0.0000  0.0000
7.150  0.0184  0.0130
7.250  0.0048  0.0034
7.350  0.0000  0.0000
7.450  0.0000  0.0000
7.550  0.0000  0.0000
7.650  0.0000  0.0000
7.750  0.0000  0.0000
7.850  0.0036  0.0025
7.950  0.0000  0.0000
8.050  0.0000  0.0000
8.150  0.0000  0.0000
8.250  0.0000  0.0000
8.350  0.1236  0.0905
8.450 -0.0040 -0.0040
8.550  0.0000  0.0000
8.650  0.0000  0.0000
8.750  0.0000  0.0000
8.850  0.0000  0.0000
8.950 -0.0070 -0.0070
9.050  0.0000  0.0000
9.150  0.0000  0.0000
9.250  0.0000  0.0000
9.350  0.0000  0.0000
9.450  0.0000  0.0000
9.550  0.0000  0.0000
9.650  0.0000  0.0000
9.750  0.0000  0.0000
9.850  0.0000  0.0000
9.950  0.0000  0.0000
10.050  0.0000  0.0000
10.150  0.0000  0.0000
10.250  0.0000  0.0000
10.350  0.0000  0.0000
10.450  0.0000  0.0000
10.550  0.0000  0.0000
10.650  0.0000  0.0000
10.750  0.0000  0.0000
10.850  0.0000  0.0000
10.950  0.0000  0.0000
11.050  0.0000  0.0000
11.150  0.0000  0.0000
11.250  0.0000  0.0000
11.350  0.0000  0.0000
11.450  0.0000  0.0000
11.550  0.0000  0.0000
11.650  0.0000  0.0000
11.750  0.0000  0.0000
11.850  0.0000  0.0000
11.950  0.0000  0.0000
