# ICODE=2212, JCODE=-2212
# Normalized GAUSSIAN BF, SIGMA_GAUSS=0.3
# NSAMPLE=500000, Tblast=100, UPERPblast(x,y)=(0.75,0.75)
# BARYON_FUDGE=0.75
# ------- normalization=0.0794863 -----------------
#dely    BF
0.050  0.1358  0.0095
0.150  0.1016  0.0082
0.250  0.1229  0.0098
0.350  0.1013  0.0082
0.450  0.0617  0.0062
0.550  0.0621  0.0066
0.650  0.0848  0.0101
0.750  0.0363  0.0050
0.850  0.0144  0.0025
0.950  0.0355  0.0064
1.050  0.0189  0.0037
1.150  0.0096  0.0026
1.250  0.0094  0.0031
1.350  0.0005  0.0002
1.450  0.0000  0.0000
1.550  0.0000  0.0000
1.650  0.0000  0.0000
1.750  0.0000  0.0000
