# ICODE=321, JCODE=-321
# Normalized GAUSSIAN BF, SIGMA_GAUSS=0.3
# NSAMPLE=100000, Tblast=100, UPERPblast(x,y)=(0.75,0.75)
# BARYON_FUDGE=0.75
# ------- normalization=0.501224 -----------------
#dely    BF
0.050  0.4007  0.0168
0.150  0.3340  0.0146
0.250  0.3574  0.0148
0.350  0.2402  0.0104
0.450  0.3368  0.0142
0.550  0.3737  0.0161
0.650  0.2551  0.0110
0.750  0.1531  0.0071
0.850  0.2828  0.0133
0.950  0.2616  0.0121
1.050  0.2427  0.0115
1.150  0.1691  0.0084
1.250  0.2347  0.0114
1.350  0.1680  0.0087
1.450  0.3000  0.0158
1.550  0.3036  0.0165
1.650  0.2327  0.0136
1.750  0.2189  0.0125
1.850  0.2765  0.0168
1.950  0.3583  0.0219
2.050  0.2777  0.0176
2.150  0.2210  0.0144
2.250  0.3329  0.0218
2.350  0.3203  0.0217
2.450  0.1935  0.0142
2.550  0.2986  0.0218
2.650  0.2045  0.0151
2.750  0.2425  0.0194
2.850  0.2549  0.0206
2.950  0.1785  0.0157
3.050  0.2430  0.0206
3.150  0.2065  0.0189
3.250  0.1363  0.0128
3.350  0.1207  0.0113
3.450  0.0992  0.0110
3.550  0.0380  0.0037
3.650  0.0841  0.0088
3.750  0.0691  0.0068
3.850  0.0396  0.0042
3.950 -0.0436 -0.0056
4.050 -0.0292 -0.0037
4.150  0.0061  0.0007
4.250  0.0028  0.0004
4.350 -0.0084 -0.0011
4.450 -0.1753 -0.0238
4.550 -0.0275 -0.0038
4.650 -0.0684 -0.0096
4.750  0.0136  0.0021
4.850 -0.1095 -0.0177
4.950 -0.1410 -0.0231
5.050 -0.0387 -0.0065
5.150 -0.0466 -0.0078
5.250 -0.0820 -0.0166
5.350 -0.0636 -0.0113
5.450 -0.1932 -0.0355
5.550 -0.1343 -0.0255
5.650 -0.2665 -0.0486
5.750 -0.0430 -0.0100
5.850 -0.0568 -0.0117
5.950 -0.1072 -0.0425
6.050 -0.1438 -0.0343
6.150  0.1017  0.0277
6.250 -0.0893 -0.0311
6.350 -0.0243 -0.0065
6.450 -0.1942 -0.0579
6.550 -0.2683 -0.0899
6.650 -0.1813 -0.0495
6.750  0.0579  0.0212
6.850 -0.0124 -0.0045
6.950  0.0548  0.0178
7.050  0.0366  0.0136
7.150 -0.1613 -0.0515
7.250 -0.1772 -0.0727
7.350 -0.0251 -0.0139
7.450 -0.1854 -0.0812
7.550  0.0565  0.0285
7.650  0.0279  0.0140
7.750  0.0044  0.0023
7.850  0.0845  0.0351
7.950  0.0000  0.0000
8.050 -0.0343 -0.0178
8.150 -0.0944 -0.0465
8.250 -0.0962 -0.0962
8.350 -0.2148 -0.1262
8.450  0.1323  0.0564
8.550  0.0000  0.0000
8.650  0.0809  0.0419
8.750 -0.1792 -0.0950
8.850  0.0000  0.0000
8.950  0.0000  0.0000
9.050 -0.1073 -0.0751
9.150  0.0275  0.0194
9.250  0.0265  0.0187
9.350  0.0132  0.0132
9.450 -0.4447 -0.4572
9.550 -0.1113 -0.0921
9.650  0.0774  0.0567
9.750 -0.0892 -0.0633
9.850  0.0000  0.0000
9.950  0.0627  0.0468
10.050  0.0224  0.0158
10.150  0.0000  0.0000
10.250  0.0771  0.0568
10.350  0.0131  0.0131
10.450  0.0000  0.0000
10.550  0.0184  0.0131
10.650  0.0000  0.0000
10.750  0.0000  0.0000
10.850  0.0000  0.0000
10.950  0.0000  0.0000
11.050  0.0000  0.0000
11.150  0.0170  0.0098
11.250  0.0000  0.0000
11.350  0.0000  0.0000
11.450  0.0099  0.0099
11.550 -0.2791 -0.2827
11.650  0.0014  0.0014
11.750  0.0000  0.0000
11.850  0.0000  0.0000
11.950 -0.2637 -0.2637
