0.050000 0.145390 0.001286
0.150000 0.134107 0.001256
0.250000 0.118832 0.001211
0.350000 0.089606 0.001155
0.450000 0.065071 0.001094
0.550000 0.054650 0.001038
0.650000 0.045042 0.000978
0.750000 0.034918 0.000919
0.850000 0.028009 0.000857
0.950000 0.020515 0.000786
1.050000 0.014846 0.000703
1.150000 0.010292 0.000610
1.250000 0.006400 0.000503
1.350000 0.002939 0.000389
1.450000 0.000034 0.000262
1.550000 0.000365 0.000132
1.650000 0.000145 0.000036
1.750000 0.000001 0.000001
1.850000 0.000000 0.000000
1.950000 0.000000 0.000000
2.050000 0.000000 0.000000
2.150000 0.000000 0.000000
2.250000 0.000000 0.000000
2.350000 0.000000 0.000000
2.450000 0.000000 0.000000
2.550000 0.000000 0.000000
0.076999