# ICODE=0, JCODE=0
# Normalized GAUSSIAN BF, SIGMA_GAUSS=0.3
# NSAMPLE=20000000, Tblast=100, UPERPblast(x,y)=(0.75,0.75)
# BARYON_FUDGE=0.75
# ------- normalization=0 -----------------
#dely    BF_mean   BF_sq    BF_var    Samples
0.050   0.1104  0.0123  0.0094 2000000
0.150   0.1096  0.0121  0.0075 2000000
0.250   0.1044  0.0110  0.0106 2000000
0.350   0.1071  0.0117  0.0163 2000000
0.450   0.1048  0.0111  0.0103 2000000
0.550   0.0976  0.0096  0.0086 2000000
0.650   0.0937  0.0088  0.0045 2000000
0.750   0.0875  0.0077  0.0032 2000000
0.850   0.0781  0.0061  0.0025 2000000
0.950   0.0694  0.0048  0.0052 2000000
1.050   0.0570  0.0032  0.0018 2000000
1.150   0.0454  0.0021  0.0022 2000000
1.250   0.0369  0.0014  0.0034 2000000
1.350   0.0287  0.0008  0.0021 2000000
1.450   0.0219  0.0005  0.0013 2000000
1.550   0.0151  0.0002  0.0015 2000000
1.650   0.0088  0.0001  0.0007 2000000
1.750   0.0021  0.0000  0.0003 2000000
0.050   0.1138  0.0130  0.0075 4000000
0.150   0.1098  0.0121  0.0055 4000000
0.250   0.1056  0.0112  0.0076 4000000
0.350   0.1077  0.0117  0.0116 4000000
0.450   0.1029  0.0106  0.0075 4000000
0.550   0.0984  0.0097  0.0061 4000000
0.650   0.0945  0.0089  0.0033 4000000
0.750   0.0865  0.0075  0.0025 4000000
0.850   0.0784  0.0061  0.0018 4000000
0.950   0.0700  0.0049  0.0037 4000000
1.050   0.0576  0.0033  0.0014 4000000
1.150   0.0466  0.0022  0.0020 4000000
1.250   0.0374  0.0014  0.0025 4000000
1.350   0.0289  0.0008  0.0015 4000000
1.450   0.0219  0.0005  0.0009 4000000
1.550   0.0148  0.0002  0.0011 4000000
1.650   0.0085  0.0001  0.0006 4000000
1.750   0.0023  0.0000  0.0003 4000000
0.050   0.1161  0.0135  0.0070 6000000
0.150   0.1105  0.0122  0.0046 6000000
0.250   0.1066  0.0114  0.0064 6000000
0.350   0.1082  0.0118  0.0095 6000000
0.450   0.1032  0.0107  0.0062 6000000
0.550   0.0984  0.0097  0.0050 6000000
0.650   0.0947  0.0090  0.0027 6000000
0.750   0.0862  0.0074  0.0021 6000000
0.850   0.0784  0.0061  0.0015 6000000
0.950   0.0699  0.0049  0.0030 6000000
1.050   0.0577  0.0033  0.0012 6000000
1.150   0.0470  0.0022  0.0017 6000000
1.250   0.0376  0.0014  0.0020 6000000
1.350   0.0290  0.0008  0.0013 6000000
1.450   0.0219  0.0005  0.0007 6000000
1.550   0.0146  0.0002  0.0009 6000000
1.650   0.0084  0.0001  0.0005 6000000
1.750   0.0024  0.0000  0.0003 6000000
0.050   0.1173  0.0138  0.0064 8000000
0.150   0.1111  0.0124  0.0041 8000000
0.250   0.1073  0.0116  0.0057 8000000
0.350   0.1084  0.0118  0.0082 8000000
0.450   0.1033  0.0107  0.0054 8000000
0.550   0.0985  0.0097  0.0043 8000000
0.650   0.0948  0.0090  0.0023 8000000
0.750   0.0861  0.0074  0.0018 8000000
0.850   0.0783  0.0061  0.0013 8000000
0.950   0.0699  0.0049  0.0026 8000000
1.050   0.0577  0.0033  0.0010 8000000
1.150   0.0472  0.0022  0.0015 8000000
1.250   0.0378  0.0014  0.0018 8000000
1.350   0.0290  0.0008  0.0011 8000000
1.450   0.0219  0.0005  0.0006 8000000
1.550   0.0146  0.0002  0.0008 8000000
1.650   0.0083  0.0001  0.0005 8000000
1.750   0.0025  0.0000  0.0003 8000000
0.050   0.1180  0.0140  0.0059 10000000
0.150   0.1117  0.0125  0.0039 10000000
0.250   0.1077  0.0116  0.0051 10000000
0.350   0.1085  0.0118  0.0073 10000000
0.450   0.1035  0.0107  0.0048 10000000
0.550   0.0986  0.0097  0.0039 10000000
0.650   0.0951  0.0090  0.0022 10000000
0.750   0.0861  0.0074  0.0016 10000000
0.850   0.0781  0.0061  0.0013 10000000
0.950   0.0698  0.0049  0.0024 10000000
1.050   0.0577  0.0033  0.0009 10000000
1.150   0.0474  0.0022  0.0014 10000000
1.250   0.0378  0.0014  0.0016 10000000
1.350   0.0291  0.0008  0.0010 10000000
1.450   0.0218  0.0005  0.0006 10000000
1.550   0.0146  0.0002  0.0007 10000000
1.650   0.0083  0.0001  0.0004 10000000
1.750   0.0025  0.0000  0.0003 10000000
0.050   0.1183  0.0140  0.0054 12000000
0.150   0.1120  0.0126  0.0036 12000000
0.250   0.1079  0.0117  0.0047 12000000
0.350   0.1086  0.0118  0.0067 12000000
0.450   0.1036  0.0108  0.0044 12000000
0.550   0.0986  0.0097  0.0035 12000000
0.650   0.0952  0.0091  0.0020 12000000
0.750   0.0861  0.0074  0.0015 12000000
0.850   0.0779  0.0061  0.0012 12000000
0.950   0.0697  0.0049  0.0022 12000000
1.050   0.0577  0.0033  0.0008 12000000
1.150   0.0474  0.0023  0.0013 12000000
1.250   0.0378  0.0014  0.0015 12000000
1.350   0.0291  0.0009  0.0009 12000000
1.450   0.0218  0.0005  0.0005 12000000
1.550   0.0146  0.0002  0.0006 12000000
1.650   0.0082  0.0001  0.0004 12000000
1.750   0.0026  0.0000  0.0003 12000000
0.050   0.1184  0.0141  0.0050 14000000
0.150   0.1123  0.0126  0.0034 14000000
0.250   0.1081  0.0117  0.0044 14000000
0.350   0.1086  0.0118  0.0062 14000000
0.450   0.1038  0.0108  0.0041 14000000
0.550   0.0986  0.0097  0.0033 14000000
0.650   0.0953  0.0091  0.0019 14000000
0.750   0.0861  0.0074  0.0014 14000000
0.850   0.0779  0.0061  0.0011 14000000
0.950   0.0695  0.0048  0.0021 14000000
1.050   0.0577  0.0033  0.0008 14000000
1.150   0.0475  0.0023  0.0012 14000000
1.250   0.0378  0.0014  0.0014 14000000
1.350   0.0292  0.0009  0.0009 14000000
1.450   0.0218  0.0005  0.0005 14000000
1.550   0.0145  0.0002  0.0006 14000000
1.650   0.0082  0.0001  0.0004 14000000
1.750   0.0026  0.0000  0.0002 14000000
0.050   0.1186  0.0141  0.0047 16000000
0.150   0.1125  0.0127  0.0032 16000000
0.250   0.1083  0.0117  0.0041 16000000
0.350   0.1086  0.0118  0.0058 16000000
0.450   0.1039  0.0108  0.0038 16000000
0.550   0.0986  0.0097  0.0031 16000000
0.650   0.0953  0.0091  0.0018 16000000
0.750   0.0861  0.0074  0.0013 16000000
0.850   0.0778  0.0061  0.0010 16000000
0.950   0.0694  0.0048  0.0020 16000000
1.050   0.0577  0.0033  0.0007 16000000
1.150   0.0475  0.0023  0.0011 16000000
1.250   0.0378  0.0014  0.0013 16000000
1.350   0.0292  0.0009  0.0008 16000000
1.450   0.0218  0.0005  0.0005 16000000
1.550   0.0145  0.0002  0.0006 16000000
1.650   0.0082  0.0001  0.0003 16000000
1.750   0.0026  0.0000  0.0002 16000000
0.050   0.1188  0.0141  0.0045 18000000
0.150   0.1127  0.0127  0.0031 18000000
0.250   0.1085  0.0118  0.0039 18000000
0.350   0.1086  0.0118  0.0055 18000000
0.450   0.1039  0.0108  0.0036 18000000
0.550   0.0986  0.0097  0.0029 18000000
0.650   0.0954  0.0091  0.0017 18000000
0.750   0.0861  0.0074  0.0012 18000000
0.850   0.0778  0.0061  0.0010 18000000
0.950   0.0693  0.0048  0.0019 18000000
1.050   0.0577  0.0033  0.0007 18000000
1.150   0.0475  0.0023  0.0011 18000000
1.250   0.0378  0.0014  0.0012 18000000
1.350   0.0293  0.0009  0.0008 18000000
1.450   0.0217  0.0005  0.0004 18000000
1.550   0.0145  0.0002  0.0005 18000000
1.650   0.0082  0.0001  0.0003 18000000
1.750   0.0026  0.0000  0.0002 18000000
0.050   0.1189  0.0141  0.0042 20000000
0.150   0.1128  0.0127  0.0030 20000000
0.250   0.1086  0.0118  0.0037 20000000
0.350   0.1086  0.0118  0.0052 20000000
0.450   0.1040  0.0108  0.0034 20000000
0.550   0.0987  0.0098  0.0027 20000000
0.650   0.0954  0.0091  0.0016 20000000
0.750   0.0861  0.0074  0.0012 20000000
0.850   0.0778  0.0061  0.0009 20000000
0.950   0.0692  0.0048  0.0018 20000000
1.050   0.0577  0.0033  0.0006 20000000
1.150   0.0475  0.0023  0.0010 20000000
1.250   0.0377  0.0014  0.0011 20000000
1.350   0.0293  0.0009  0.0007 20000000
1.450   0.0217  0.0005  0.0004 20000000
1.550   0.0145  0.0002  0.0005 20000000
1.650   0.0082  0.0001  0.0003 20000000
1.750   0.0026  0.0000  0.0002 20000000
