# ICODE=321, JCODE=-321
# Normalized GAUSSIAN BF, SIGMA_GAUSS=0.3
# NSAMPLE=100000, Tblast=100, UPERPblast(x,y)=(0.75,0.75)
# BARYON_FUDGE=0.75
# ------- normalization=0.690843 -----------------
#dely    BF
0.050  0.4721  0.0178
0.150  0.4143  0.0160
0.250  0.4189  0.0161
0.350  0.4184  0.0160
0.450  0.3906  0.0152
0.550  0.3052  0.0124
0.650  0.2909  0.0122
0.750  0.3228  0.0138
0.850  0.3303  0.0145
0.950  0.3137  0.0147
1.050  0.3229  0.0151
1.150  0.3102  0.0157
1.250  0.4032  0.0205
1.350  0.3794  0.0200
1.450  0.4353  0.0245
1.550  0.3943  0.0220
1.650  0.4766  0.0288
1.750  0.4762  0.0297
1.850  0.5883  0.0351
1.950  0.4889  0.0326
2.050  0.4629  0.0333
2.150  0.4104  0.0298
2.250  0.5691  0.0393
2.350  0.4901  0.0367
2.450  0.4529  0.0371
2.550  0.4912  0.0383
2.650  0.4335  0.0384
2.750  0.4466  0.0381
2.850  0.4114  0.0395
2.950  0.4251  0.0394
3.050  0.3122  0.0321
3.150  0.4106  0.0420
3.250  0.3859  0.0393
3.350  0.3244  0.0366
3.450  0.3561  0.0372
3.550  0.3021  0.0352
3.650  0.2652  0.0322
3.750  0.2932  0.0412
3.850  0.3180  0.0399
3.950  0.2946  0.0361
4.050  0.3765  0.0445
4.150  0.1801  0.0290
4.250  0.2027  0.0303
4.350  0.2115  0.0310
4.450  0.1862  0.0279
4.550  0.0571  0.0095
4.650  0.1296  0.0199
4.750  0.0876  0.0151
4.850  0.0936  0.0159
4.950  0.2195  0.0350
5.050  0.0731  0.0121
5.150  0.0195  0.0041
5.250  0.1675  0.0308
5.350  0.1629  0.0286
5.450  0.0528  0.0122
5.550  0.0489  0.0103
5.650  0.0045  0.0010
5.750  0.1467  0.0291
5.850  0.0629  0.0133
5.950 -0.0300 -0.0065
6.050 -0.0613 -0.0132
6.150 -0.0193 -0.0059
6.250 -0.0682 -0.0167
6.350  0.0462  0.0208
6.450 -0.0366 -0.0099
6.550 -0.0017 -0.0005
6.650 -0.0111 -0.0029
6.750 -0.0382 -0.0146
6.850 -0.0938 -0.0253
6.950 -0.0611 -0.0186
7.050 -0.0652 -0.0190
7.150 -0.1186 -0.0299
7.250 -0.0497 -0.0189
7.350 -0.0585 -0.0265
7.450 -0.1717 -0.0553
7.550 -0.1395 -0.0544
7.650 -0.1563 -0.0533
7.750 -0.0711 -0.0322
7.850 -0.1546 -0.0603
7.950 -0.0265 -0.0189
8.050 -0.1649 -0.0597
8.150  0.0097  0.0069
8.250 -0.1120 -0.0586
8.350 -0.2811 -0.1259
8.450 -0.2421 -0.1086
8.550 -0.1699 -0.0800
8.650 -0.0963 -0.0963
8.750 -0.2189 -0.1410
8.850 -0.1453 -0.1044
8.950 -0.0817 -0.0487
9.050  0.0000  0.0000
9.150 -0.0254 -0.0254
9.250 -0.1239 -0.1054
9.350 -0.1782 -0.1249
9.450 -0.3607 -0.2244
9.550  0.0000  0.0000
9.650 -0.3982 -0.3568
9.750 -0.0489 -0.0346
9.850 -0.0254 -0.0254
9.950 -0.0453 -0.0320
10.050  0.0000  0.0000
10.150  0.0000  0.0000
10.250 -0.0241 -0.0241
10.350  0.0000  0.0000
10.450 -0.2407 -0.2544
10.550 -0.4577 -0.3901
10.650 -0.0195 -0.0195
10.750 -0.2958 -0.3942
10.850  0.0000  0.0000
10.950 -0.4513 -0.5739
11.050  0.0000  0.0000
11.150  0.0000  0.0000
11.250 -0.3120 -0.3130
11.350 -0.3711 -0.3711
11.450  0.0000  0.0000
11.550  0.0000  0.0000
11.650 -0.3352 -0.3352
11.750  0.0000  0.0000
11.850 -0.0264 -0.0188
11.950 -0.3548 -0.5284
