# ICODE=211, JCODE=-211
# Normalized GAUSSIAN BF, SIGMA_GAUSS=0.3
# NSAMPLE=100000, Tblast=100, UPERPblast(x,y)=(0.75,0.75)
# BARYON_FUDGE=0.75
# ------- normalization=0.917258 -----------------
#dely    BF
0.050  1.4684  0.0091
0.150  1.4310  0.0089
0.250  1.4869  0.0093
0.350  1.3721  0.0087
0.450  1.2604  0.0081
0.550  1.3051  0.0085
0.650  1.2679  0.0084
0.750  1.1708  0.0079
0.850  1.0745  0.0074
0.950  1.0029  0.0071
1.050  0.9279  0.0068
1.150  0.8272  0.0062
1.250  0.7491  0.0058
1.350  0.6758  0.0054
1.450  0.6083  0.0051
1.550  0.5980  0.0051
1.650  0.4911  0.0044
1.750  0.4868  0.0045
1.850  0.4277  0.0041
1.950  0.4074  0.0040
2.050  0.3371  0.0035
2.150  0.3144  0.0034
2.250  0.2585  0.0029
2.350  0.2195  0.0025
2.450  0.1984  0.0024
2.550  0.2083  0.0026
2.650  0.2328  0.0030
2.750  0.1953  0.0026
2.850  0.1575  0.0022
2.950  0.2027  0.0029
3.050  0.2036  0.0031
3.150  0.1726  0.0027
3.250  0.1454  0.0023
3.350  0.2051  0.0035
3.450  0.1651  0.0029
3.550  0.2239  0.0041
3.650  0.2369  0.0044
3.750  0.1880  0.0036
3.850  0.2245  0.0045
3.950  0.1918  0.0040
4.050  0.1785  0.0039
4.150  0.1722  0.0037
4.250  0.2285  0.0053
4.350  0.2979  0.0071
4.450  0.2111  0.0052
4.550  0.1939  0.0050
4.650  0.2375  0.0063
4.750  0.2143  0.0060
4.850  0.1569  0.0044
4.950  0.1448  0.0043
5.050  0.1533  0.0048
5.150  0.1018  0.0033
5.250  0.1293  0.0043
5.350  0.1059  0.0035
5.450  0.1088  0.0039
5.550  0.0766  0.0028
5.650  0.0593  0.0022
5.750  0.0532  0.0020
5.850  0.0493  0.0020
5.950  0.0266  0.0011
6.050  0.0232  0.0010
6.150 -0.0415 -0.0018
6.250 -0.0468 -0.0021
6.350 -0.0368 -0.0018
6.450 -0.0700 -0.0034
6.550 -0.0995 -0.0048
6.650 -0.0746 -0.0038
6.750 -0.0865 -0.0048
6.850 -0.0869 -0.0048
6.950 -0.1067 -0.0062
7.050 -0.1508 -0.0087
7.150 -0.1100 -0.0067
7.250 -0.1467 -0.0097
7.350 -0.1438 -0.0094
7.450 -0.1522 -0.0105
7.550 -0.1521 -0.0100
7.650 -0.2657 -0.0184
7.750 -0.1948 -0.0140
7.850 -0.2161 -0.0162
7.950 -0.2090 -0.0164
8.050 -0.3163 -0.0239
8.150 -0.2011 -0.0153
8.250 -0.1684 -0.0141
8.350 -0.2518 -0.0223
8.450 -0.3056 -0.0284
8.550 -0.3007 -0.0307
8.650 -0.2321 -0.0246
8.750 -0.3376 -0.0308
8.850 -0.2651 -0.0277
8.950 -0.2787 -0.0286
9.050 -0.2271 -0.0268
9.150 -0.2389 -0.0283
9.250 -0.2099 -0.0260
9.350 -0.2825 -0.0377
9.450 -0.2716 -0.0350
9.550 -0.1482 -0.0189
9.650 -0.1782 -0.0246
9.750 -0.1664 -0.0232
9.850 -0.3553 -0.0591
9.950 -0.3014 -0.0524
10.050 -0.2493 -0.0440
10.150 -0.3548 -0.0547
10.250 -0.2530 -0.0446
10.350 -0.1911 -0.0334
10.450 -0.2762 -0.0585
10.550 -0.1885 -0.0378
10.650 -0.4686 -0.0959
10.750 -0.1592 -0.0341
10.850 -0.2960 -0.0684
10.950 -0.1552 -0.0418
11.050 -0.0802 -0.0172
11.150 -0.3100 -0.0887
11.250 -0.1903 -0.0511
11.350 -0.2230 -0.0564
11.450 -0.2323 -0.0556
11.550 -0.2708 -0.0843
11.650 -0.3288 -0.1087
11.750 -0.2182 -0.0838
11.850 -0.4508 -0.1530
11.950 -0.0666 -0.0252
