# ICODE=321, JCODE=-2212
# Normalized GAUSSIAN BF, SIGMA_GAUSS=0.3
# NSAMPLE=500000, Tblast=100, UPERPblast(x,y)=(0.75,0.75)
# BARYON_FUDGE=0.75
# ------- normalization=0.0235804 -----------------
#dely    BF
0.050  0.0186  0.0005
0.150  0.0272  0.0007
0.250  0.0334  0.0010
0.350  0.0352  0.0012
0.450  0.0290  0.0011
0.550  0.0214  0.0010
0.650  0.0217  0.0012
0.750  0.0186  0.0012
0.850  0.0109  0.0009
0.950  0.0082  0.0008
1.050  0.0062  0.0008
1.150  0.0032  0.0006
1.250  0.0018  0.0004
1.350  0.0003  0.0001
1.450  0.0000  0.0000
1.550  0.0000  0.0000
1.650  0.0000  0.0000
1.750  0.0000  0.0000
