# ICODE=1701080941, JCODE=0
# Normalized GAUSSIAN BF, SIGMA_GAUSS=0.3
# NSAMPLE=100000, Tblast=100, UPERPblast(x,y)=(0.75,0.75)
# BARYON_FUDGE=0.75
# ------- normalization=0.215799 -----------------
#dely    BF
0.050  0.2940  0.0018
0.150  0.2539  0.0016
0.250  0.2365  0.0016
0.350  0.2197  0.0016
0.450  0.2140  0.0017
0.550  0.1798  0.0015
0.650  0.1604  0.0015
0.750  0.1327  0.0013
0.850  0.1178  0.0013
0.950  0.1053  0.0013
1.050  0.0772  0.0011
1.150  0.0512  0.0008
1.250  0.0433  0.0008
1.350  0.0333  0.0007
1.450  0.0208  0.0005
1.550  0.0111  0.0003
1.650  0.0051  0.0002
1.750  0.0021  0.0002
