# ICODE=321, JCODE=-321
# Normalized GAUSSIAN BF, SIGMA_GAUSS=0.3
# NSAMPLE=100000, Tblast=100, UPERPblast(x,y)=(0.75,0.75)
# BARYON_FUDGE=0.75
# ------- normalization=0.052456 -----------------
#dely    BF
0.050  0.0765  0.0042
0.150  0.0773  0.0043
0.250  0.0557  0.0034
0.350  0.0706  0.0043
0.450  0.0606  0.0039
0.550  0.0472  0.0033
0.650  0.0366  0.0027
0.750  0.0298  0.0028
0.850  0.0224  0.0020
0.950  0.0184  0.0020
1.050  0.0129  0.0016
1.150  0.0121  0.0020
1.250  0.0033  0.0006
1.350  0.0015  0.0004
1.450 -0.0002 -0.0001
1.550  0.0000  0.0000
1.650  0.0000  0.0000
1.750  0.0000  0.0000
