# ICODE=2212, JCODE=-2212
# Normalized GAUSSIAN BF, SIGMA_GAUSS=0.3
# NSAMPLE=100000, Tblast=100, UPERPblast(x,y)=(0.75,0.75)
# BARYON_FUDGE=0.75
# ------- normalization=0.505328 -----------------
#dely    BF
0.050  0.3638  0.0303
0.150  0.2695  0.0235
0.250  0.4294  0.0359
0.350  0.5175  0.0441
0.450  0.4829  0.0425
0.550  0.3102  0.0301
0.650  0.2862  0.0291
0.750  0.3248  0.0332
0.850  0.2649  0.0281
0.950  0.4112  0.0439
1.050  0.3172  0.0340
1.150  0.1986  0.0245
1.250  0.1721  0.0219
1.350  0.1747  0.0228
1.450  0.1456  0.0196
1.550  0.1119  0.0143
1.650  0.0434  0.0063
1.750  0.0871  0.0149
1.850  0.0446  0.0067
1.950  0.0815  0.0154
2.050  0.0404  0.0083
2.150  0.0973  0.0187
2.250  0.0798  0.0188
2.350 -0.0382 -0.0076
2.450  0.1319  0.0303
2.550  0.0282  0.0056
2.650  0.0904  0.0242
2.750  0.1486  0.0413
2.850  0.0652  0.0206
2.950  0.3062  0.0746
3.050  0.0848  0.0200
3.150  0.2169  0.0581
3.250  0.1173  0.0355
3.350  0.1431  0.0478
3.450  0.1846  0.0586
3.550  0.2071  0.0658
3.650  0.1266  0.0402
3.750  0.1777  0.0633
3.850  0.0982  0.0348
3.950  0.2970  0.0864
4.050  0.2668  0.0894
4.150  0.2561  0.0913
4.250  0.2452  0.0877
4.350  0.1671  0.0688
4.450  0.0678  0.0396
4.550  0.1640  0.0740
4.650  0.0808  0.0572
4.750  0.0839  0.0603
4.850  0.0243  0.0243
4.950  0.3289  0.1272
5.050  0.0000  0.0000
5.150  0.0000  0.0000
5.250  0.0714  0.0511
5.350  0.1427  0.1009
5.450  0.1551  0.0701
5.550  0.1463  0.1086
5.650  0.0565  0.0328
5.750  0.0499  0.0289
5.850  0.1679  0.0976
5.950  0.0966  0.0683
6.050  0.0847  0.0599
6.150  0.0752  0.0539
6.250  0.0000  0.0000
6.350  0.0000  0.0000
6.450  0.0872  0.0628
6.550  0.0000  0.0000
6.650  0.0107  0.0075
6.750 -0.0049 -0.0034
6.850  0.0000  0.0000
6.950 -0.1309 -0.0962
7.050 -0.0510 -0.0510
7.150  0.0375  0.0375
7.250  0.0549  0.0549
7.350  0.0000  0.0000
7.450  0.0000  0.0000
7.550  0.0000  0.0000
7.650 -0.1946 -0.1946
7.750 -0.1415 -0.0896
7.850 -0.2017 -0.2017
7.950 -0.0528 -0.0528
8.050 -0.1709 -0.1290
8.150  0.0000  0.0000
8.250  0.0000  0.0000
8.350  0.0000  0.0000
8.450  0.0000  0.0000
8.550  0.0000  0.0000
8.650  0.0000  0.0000
8.750  0.0000  0.0000
8.850 -0.2407 -0.2407
8.950  0.0000  0.0000
9.050 -0.2917 -0.2917
9.150 -0.3263 -0.3263
9.250  0.0000  0.0000
9.350 -0.7121 -0.7121
9.450  0.0000  0.0000
9.550 -0.2779 -0.2779
9.650  0.0000  0.0000
9.750  0.0000  0.0000
9.850  0.0000  0.0000
9.950  0.0000  0.0000
10.050  0.0000  0.0000
10.150  0.0000  0.0000
10.250  0.0000  0.0000
10.350 -0.7741 -0.7741
10.450  0.0000  0.0000
10.550  0.0000  0.0000
10.650  0.0000  0.0000
10.750  0.0000  0.0000
10.850  0.0000  0.0000
10.950  0.0000  0.0000
11.050 -0.8830 -0.8830
11.150  0.0000  0.0000
11.250  0.0000  0.0000
11.350  0.0000  0.0000
11.450  0.0000  0.0000
11.550  0.0000  0.0000
11.650  0.0000  0.0000
11.750 -1.0537 -1.0537
11.850  0.0000  0.0000
11.950  0.0000  0.0000
