# ICODE=211, JCODE=-321
# Normalized GAUSSIAN BF, SIGMA_GAUSS=0.3
# NSAMPLE=100000, Tblast=100, UPERPblast(x,y)=(0.75,0.75)
# BARYON_FUDGE=0.75
# ------- normalization=0.0885809 -----------------
#dely    BF
0.050  0.0432  0.0007
0.150  0.0255  0.0004
0.250  0.0542  0.0009
0.350  0.0431  0.0007
0.450  0.0504  0.0008
0.550  0.0423  0.0007
0.650  0.0565  0.0009
0.750  0.0505  0.0009
0.850  0.0609  0.0011
0.950  0.0501  0.0009
1.050  0.0632  0.0012
1.150  0.0822  0.0016
1.250  0.0551  0.0011
1.350  0.0626  0.0013
1.450  0.0448  0.0009
1.550  0.0486  0.0011
1.650  0.0567  0.0013
1.750  0.0503  0.0012
1.850  0.0486  0.0012
1.950  0.0373  0.0009
2.050  0.0414  0.0011
2.150  0.0359  0.0010
2.250  0.0136  0.0004
2.350  0.0051  0.0001
2.450  0.0132  0.0004
2.550  0.0136  0.0004
2.650  0.0152  0.0005
2.750 -0.0056 -0.0002
2.850  0.0042  0.0001
2.950 -0.0018 -0.0001
3.050 -0.0072 -0.0003
3.150  0.0007  0.0000
3.250 -0.0089 -0.0004
3.350 -0.0146 -0.0006
3.450 -0.0061 -0.0003
3.550 -0.0026 -0.0001
3.650 -0.0144 -0.0006
3.750 -0.0060 -0.0003
3.850 -0.0131 -0.0006
3.950 -0.0244 -0.0013
4.050 -0.0182 -0.0010
4.150 -0.0110 -0.0006
4.250 -0.0049 -0.0003
4.350 -0.0075 -0.0004
4.450 -0.0132 -0.0008
4.550 -0.0023 -0.0001
4.650 -0.0050 -0.0003
4.750 -0.0131 -0.0009
4.850  0.0009  0.0001
4.950 -0.0113 -0.0009
5.050 -0.0053 -0.0004
5.150  0.0035  0.0003
5.250 -0.0057 -0.0005
5.350 -0.0073 -0.0007
5.450 -0.0055 -0.0005
5.550 -0.0098 -0.0009
5.650 -0.0081 -0.0009
5.750 -0.0060 -0.0006
5.850 -0.0073 -0.0008
5.950  0.0053  0.0006
6.050 -0.0048 -0.0005
6.150 -0.0099 -0.0012
6.250 -0.0012 -0.0002
6.350 -0.0052 -0.0007
6.450 -0.0009 -0.0001
6.550 -0.0100 -0.0014
6.650 -0.0023 -0.0004
6.750 -0.0108 -0.0014
6.850 -0.0034 -0.0005
6.950  0.0015  0.0003
7.050  0.0001  0.0000
7.150 -0.0055 -0.0009
7.250 -0.0057 -0.0011
7.350 -0.0009 -0.0002
7.450 -0.0013 -0.0003
7.550  0.0029  0.0006
7.650 -0.0009 -0.0002
7.750  0.0011  0.0003
7.850  0.0057  0.0012
7.950  0.0045  0.0012
8.050  0.0028  0.0007
8.150  0.0005  0.0001
8.250 -0.0009 -0.0002
8.350  0.0024  0.0009
8.450 -0.0024 -0.0006
8.550  0.0035  0.0012
8.650  0.0005  0.0002
8.750  0.0011  0.0003
8.850 -0.0078 -0.0025
8.950 -0.0048 -0.0014
9.050 -0.0025 -0.0010
9.150  0.0002  0.0001
9.250  0.0027  0.0012
9.350  0.0013  0.0005
9.450 -0.0023 -0.0009
9.550  0.0031  0.0022
9.650 -0.0012 -0.0006
9.750  0.0000  0.0000
9.850  0.0006  0.0002
9.950  0.0003  0.0002
10.050  0.0000  0.0000
10.150 -0.0057 -0.0042
10.250  0.0000  0.0000
10.350  0.0024  0.0017
10.450  0.0000  0.0000
10.550 -0.0017 -0.0010
10.650  0.0000  0.0000
10.750  0.0000  0.0000
10.850 -0.0014 -0.0010
10.950 -0.0050 -0.0050
11.050  0.0000  0.0000
11.150  0.0000  0.0000
11.250  0.0000  0.0000
11.350  0.0000  0.0000
11.450  0.0060  0.0060
11.550  0.0000  0.0000
11.650  0.0000  0.0000
11.750  0.0074  0.0074
11.850  0.0005  0.0005
11.950  0.0000  0.0000
