# ICODE=211, JCODE=-2212
# Normalized GAUSSIAN BF, SIGMA_GAUSS=0.3
# NSAMPLE=100000, Tblast=100, UPERPblast(x,y)=(0.75,0.75)
# BARYON_FUDGE=0.75
# ------- normalization=0.0316937 -----------------
#dely    BF
0.050  0.0849  0.0018
0.150  0.1023  0.0022
0.250  0.0992  0.0023
0.350  0.0819  0.0019
0.450  0.0754  0.0018
0.550  0.0387  0.0010
0.650  0.0269  0.0007
0.750  0.0231  0.0006
0.850  0.0190  0.0005
0.950  0.0058  0.0002
1.050  0.0056  0.0002
1.150  0.0098  0.0003
1.250  0.0023  0.0001
1.350 -0.0032 -0.0001
1.450 -0.0146 -0.0005
1.550 -0.0147 -0.0005
1.650 -0.0057 -0.0002
1.750 -0.0077 -0.0003
1.850 -0.0088 -0.0003
1.950 -0.0105 -0.0004
2.050 -0.0174 -0.0007
2.150 -0.0119 -0.0005
2.250 -0.0178 -0.0008
2.350 -0.0180 -0.0008
2.450 -0.0211 -0.0010
2.550 -0.0050 -0.0002
2.650 -0.0220 -0.0011
2.750 -0.0260 -0.0013
2.850 -0.0176 -0.0009
2.950 -0.0164 -0.0009
3.050 -0.0167 -0.0009
3.150 -0.0183 -0.0010
3.250 -0.0072 -0.0004
3.350 -0.0142 -0.0008
3.450 -0.0005 -0.0000
3.550 -0.0120 -0.0008
3.650 -0.0068 -0.0004
3.750 -0.0121 -0.0008
3.850 -0.0061 -0.0004
3.950 -0.0267 -0.0019
4.050 -0.0200 -0.0015
4.150 -0.0167 -0.0013
4.250 -0.0160 -0.0013
4.350  0.0014  0.0001
4.450 -0.0166 -0.0015
4.550 -0.0034 -0.0003
4.650 -0.0038 -0.0004
4.750 -0.0037 -0.0003
4.850 -0.0069 -0.0007
4.950 -0.0036 -0.0004
5.050 -0.0157 -0.0016
5.150 -0.0017 -0.0002
5.250 -0.0058 -0.0006
5.350 -0.0044 -0.0005
5.450  0.0018  0.0002
5.550  0.0032  0.0004
5.650  0.0004  0.0001
5.750 -0.0004 -0.0001
5.850  0.0019  0.0003
5.950  0.0001  0.0000
6.050 -0.0058 -0.0009
6.150  0.0014  0.0002
6.250  0.0004  0.0001
6.350  0.0081  0.0012
6.450  0.0036  0.0006
6.550  0.0003  0.0001
6.650 -0.0119 -0.0019
6.750 -0.0013 -0.0003
6.850  0.0063  0.0012
6.950 -0.0019 -0.0004
7.050  0.0088  0.0022
7.150  0.0058  0.0011
7.250  0.0074  0.0014
7.350  0.0001  0.0000
7.450  0.0049  0.0011
7.550  0.0019  0.0004
7.650  0.0150  0.0039
7.750  0.0040  0.0011
7.850  0.0017  0.0004
7.950  0.0022  0.0005
8.050  0.0081  0.0023
8.150  0.0130  0.0033
8.250 -0.0003 -0.0001
8.350 -0.0026 -0.0008
8.450  0.0014  0.0004
8.550 -0.0031 -0.0009
8.650 -0.0036 -0.0014
8.750 -0.0030 -0.0011
8.850  0.0041  0.0014
8.950  0.0010  0.0003
9.050  0.0236  0.0135
9.150 -0.0091 -0.0033
9.250  0.0106  0.0048
9.350 -0.0023 -0.0010
9.450  0.0015  0.0005
9.550  0.0100  0.0031
9.650  0.0025  0.0008
9.750  0.0119  0.0055
9.850  0.0054  0.0020
9.950 -0.0315 -0.0133
10.050  0.0027  0.0016
10.150 -0.0028 -0.0011
10.250  0.0027  0.0010
10.350  0.0119  0.0073
10.450  0.0027  0.0015
10.550  0.0009  0.0005
10.650 -0.0006 -0.0003
10.750  0.0022  0.0015
10.850  0.0022  0.0016
10.950  0.0034  0.0024
11.050  0.0000  0.0000
11.150  0.0015  0.0015
11.250  0.0035  0.0025
11.350  0.0000  0.0000
11.450  0.0061  0.0044
11.550  0.0000  0.0000
11.650  0.0356  0.0256
11.750  0.0020  0.0020
11.850  0.0000  0.0000
11.950  0.0090  0.0046
