# ICODE=211, JCODE=-2212
# Normalized GAUSSIAN BF, SIGMA_GAUSS=0.3
# NSAMPLE=100000, Tblast=100, UPERPblast(x,y)=(0.75,0.75)
# BARYON_FUDGE=0.75
# ------- normalization=0.0336871 -----------------
#dely    BF
0.050  0.0341  0.0007
0.150  0.0293  0.0006
0.250  0.0241  0.0005
0.350  0.0277  0.0006
0.450  0.0133  0.0003
0.550  0.0068  0.0002
0.650 -0.0043 -0.0001
0.750  0.0049  0.0001
0.850 -0.0014 -0.0000
0.950  0.0081  0.0002
1.050 -0.0023 -0.0001
1.150 -0.0015 -0.0000
1.250  0.0068  0.0002
1.350  0.0109  0.0003
1.450  0.0136  0.0005
1.550  0.0121  0.0004
1.650  0.0074  0.0003
1.750  0.0240  0.0009
1.850  0.0105  0.0004
1.950  0.0154  0.0006
2.050  0.0187  0.0008
2.150  0.0121  0.0005
2.250  0.0274  0.0011
2.350  0.0187  0.0008
2.450  0.0138  0.0007
2.550  0.0070  0.0003
2.650  0.0094  0.0005
2.750  0.0149  0.0008
2.850  0.0196  0.0010
2.950  0.0223  0.0012
3.050 -0.0072 -0.0004
3.150  0.0048  0.0003
3.250  0.0228  0.0014
3.350  0.0017  0.0001
3.450  0.0220  0.0014
3.550  0.0170  0.0012
3.650 -0.0081 -0.0006
3.750  0.0133  0.0009
3.850  0.0005  0.0000
3.950  0.0065  0.0005
4.050  0.0181  0.0015
4.150  0.0183  0.0016
4.250  0.0204  0.0017
4.350  0.0079  0.0007
4.450 -0.0013 -0.0001
4.550  0.0115  0.0011
4.650 -0.0067 -0.0007
4.750  0.0029  0.0003
4.850  0.0073  0.0008
4.950  0.0021  0.0002
5.050 -0.0072 -0.0009
5.150  0.0038  0.0005
5.250 -0.0076 -0.0009
5.350  0.0001  0.0000
5.450  0.0032  0.0005
5.550 -0.0048 -0.0007
5.650  0.0086  0.0014
5.750 -0.0051 -0.0007
5.850 -0.0099 -0.0014
5.950  0.0141  0.0022
6.050 -0.0164 -0.0028
6.150  0.0015  0.0003
6.250 -0.0037 -0.0008
6.350 -0.0200 -0.0034
6.450 -0.0084 -0.0016
6.550 -0.0236 -0.0045
6.650 -0.0234 -0.0049
6.750 -0.0027 -0.0005
6.850  0.0119  0.0025
6.950 -0.0175 -0.0040
7.050  0.0058  0.0014
7.150  0.0023  0.0006
7.250 -0.0053 -0.0014
7.350 -0.0062 -0.0014
7.450 -0.0195 -0.0048
7.550  0.0000  0.0000
7.650 -0.0149 -0.0040
7.750 -0.0070 -0.0018
7.850 -0.0073 -0.0025
7.950 -0.0072 -0.0020
8.050  0.0001  0.0000
8.150 -0.0086 -0.0040
8.250 -0.0153 -0.0042
8.350 -0.0072 -0.0033
8.450  0.0039  0.0015
8.550 -0.0042 -0.0015
8.650  0.0024  0.0010
8.750 -0.0020 -0.0006
8.850  0.0086  0.0025
8.950  0.0063  0.0045
9.050 -0.0047 -0.0019
9.150  0.0071  0.0046
9.250  0.0091  0.0035
9.350  0.0000  0.0000
9.450  0.0017  0.0011
9.550  0.0072  0.0042
9.650 -0.0027 -0.0012
9.750  0.0066  0.0039
9.850  0.0051  0.0023
9.950 -0.0176 -0.0115
10.050 -0.0085 -0.0044
10.150  0.0443  0.0553
10.250  0.0001  0.0001
10.350  0.0273  0.0260
10.450  0.0000  0.0000
10.550 -0.0187 -0.0155
10.650  0.0000  0.0000
10.750  0.0000  0.0000
10.850  0.0032  0.0032
10.950  0.0000  0.0000
11.050  0.0000  0.0000
11.150  0.0000  0.0000
11.250  0.0000  0.0000
11.350  0.0000  0.0000
11.450  0.0030  0.0021
11.550  0.0000  0.0000
11.650  0.0000  0.0000
11.750  0.0000  0.0000
11.850 -0.0438 -0.0544
11.950 -0.0134 -0.0134
