# ICODE=2212, JCODE=-2212
# Normalized GAUSSIAN BF, SIGMA_GAUSS=0.3
# NSAMPLE=100000, Tblast=100, UPERPblast(x,y)=(0.75,0.75)
# BARYON_FUDGE=0.75
# ------- normalization=0.584399 -----------------
#dely    BF
0.050  0.5951  0.0650
0.150  0.6575  0.0676
0.250  0.6852  0.0704
0.350  0.5634  0.0598
0.450  0.4455  0.0526
0.550  0.5935  0.0677
0.650  0.6194  0.0736
0.750  0.6263  0.0706
0.850  0.6050  0.0719
0.950  0.5234  0.0597
1.050  0.3496  0.0467
1.150  0.4998  0.0616
1.250  0.4029  0.0565
1.350  0.4402  0.0555
1.450  0.4490  0.0580
1.550  0.4021  0.0569
1.650  0.3593  0.0481
1.750  0.2949  0.0402
1.850  0.3632  0.0486
1.950  0.2759  0.0407
2.050  0.1791  0.0307
2.150  0.2624  0.0421
2.250  0.4112  0.0601
2.350  0.1812  0.0283
2.450  0.2670  0.0452
2.550  0.1408  0.0245
2.650  0.0805  0.0152
2.750  0.1916  0.0329
2.850  0.0977  0.0200
2.950  0.0624  0.0120
3.050  0.0516  0.0091
3.150  0.0996  0.0196
3.250  0.0809  0.0173
3.350  0.0163  0.0047
3.450  0.0324  0.0062
3.550 -0.1223 -0.0316
3.650 -0.0739 -0.0191
3.750  0.0004  0.0001
3.850 -0.1151 -0.0333
3.950 -0.1440 -0.0435
4.050 -0.1058 -0.0294
4.150 -0.1710 -0.0430
4.250 -0.1105 -0.0369
4.350 -0.1752 -0.0530
4.450 -0.1623 -0.0470
4.550 -0.1026 -0.0421
4.650 -0.2155 -0.0729
4.750 -0.0158 -0.0092
4.850 -0.0569 -0.0233
4.950 -0.1268 -0.0484
5.050 -0.1084 -0.0386
5.150 -0.1713 -0.0612
5.250 -0.2895 -0.1146
5.350 -0.2968 -0.1085
5.450 -0.0460 -0.0266
5.550 -0.0591 -0.0267
5.650 -0.0049 -0.0049
5.750 -0.2143 -0.1673
5.850 -0.0022 -0.0010
5.950 -0.5973 -0.2613
6.050 -0.2308 -0.0907
6.150 -0.0111 -0.0079
6.250  0.0000  0.0000
6.350 -0.0450 -0.0320
6.450 -0.0455 -0.0323
6.550  0.0000  0.0000
6.650 -0.0492 -0.0285
6.750  0.0000  0.0000
6.850 -0.1470 -0.0796
6.950 -0.4518 -0.4485
7.050  0.0099  0.0070
7.150 -0.4836 -0.4970
7.250  0.0000  0.0000
7.350 -0.1742 -0.1317
7.450  0.1548  0.0787
7.550 -0.0556 -0.0556
7.650  0.0000  0.0000
7.750  0.0000  0.0000
7.850 -0.4101 -0.4101
7.950  0.0000  0.0000
8.050  0.0676  0.0676
8.150  0.0000  0.0000
8.250  0.0000  0.0000
8.350  0.0000  0.0000
8.450 -0.3793 -0.2777
8.550  0.0000  0.0000
8.650  0.0000  0.0000
8.750  0.0000  0.0000
8.850  0.0390  0.0390
8.950 -0.0353 -0.0206
9.050 -0.4152 -0.4152
9.150  0.0000  0.0000
9.250  0.0000  0.0000
9.350  0.0000  0.0000
9.450  0.0000  0.0000
9.550  0.0000  0.0000
9.650  0.0294  0.0228
9.750  0.0000  0.0000
9.850  0.0000  0.0000
9.950  0.0000  0.0000
10.050  0.0578  0.0412
10.150  0.0000  0.0000
10.250  0.0000  0.0000
10.350  0.0000  0.0000
10.450  0.0000  0.0000
10.550  0.0000  0.0000
10.650  0.0000  0.0000
10.750  0.0000  0.0000
10.850  0.0000  0.0000
10.950  0.0000  0.0000
11.050  0.0000  0.0000
11.150  0.0000  0.0000
11.250  0.0000  0.0000
11.350  0.0000  0.0000
11.450  0.0000  0.0000
11.550  0.0000  0.0000
11.650  0.0000  0.0000
11.750  0.0000  0.0000
11.850  0.0000  0.0000
11.950  0.0000  0.0000
