# ICODE=2212, JCODE=-2212
# Normalized GAUSSIAN BF, SIGMA_GAUSS=0.3
# NSAMPLE=100000, Tblast=100, UPERPblast(x,y)=(0.75,0.75)
# BARYON_FUDGE=0.75
# ------- normalization=0.0323172 -----------------
#dely    BF
0.050  0.1275  0.0162
0.150  0.0642  0.0103
0.250  0.0540  0.0094
0.350  0.0049  0.0008
0.450  0.0023  0.0005
0.550  0.0149  0.0033
0.650  0.0190  0.0053
0.750  0.0059  0.0018
0.850  0.0219  0.0059
0.950 -0.0067 -0.0027
1.050  0.0189  0.0094
1.150 -0.0036 -0.0036
1.250  0.0000  0.0000
1.350  0.0000  0.0000
1.450  0.0000  0.0000
1.550  0.0000  0.0000
1.650  0.0000  0.0000
1.750  0.0000  0.0000
