# ICODE=2212, JCODE=-2212
# Normalized GAUSSIAN BF, SIGMA_GAUSS=0.3
# NSAMPLE=100000, Tblast=100, UPERPblast(x,y)=(0.75,0.75)
# BARYON_FUDGE=0.75
# ------- normalization=0.572803 -----------------
#dely    BF
0.050  0.2319  0.0193
0.150  0.1537  0.0134
0.250  0.1948  0.0170
0.350  0.2566  0.0228
0.450  0.2203  0.0207
0.550  0.2253  0.0229
0.650  0.2789  0.0275
0.750  0.3250  0.0317
0.850  0.2428  0.0263
0.950  0.3200  0.0345
1.050  0.3440  0.0348
1.150  0.1988  0.0224
1.250  0.1964  0.0233
1.350  0.0776  0.0112
1.450  0.0894  0.0123
1.550  0.0682  0.0100
1.650  0.1793  0.0244
1.750  0.0514  0.0088
1.850  0.0297  0.0047
1.950 -0.0301 -0.0048
2.050  0.0337  0.0064
2.150 -0.0012 -0.0002
2.250 -0.0518 -0.0100
2.350 -0.0573 -0.0131
2.450 -0.0225 -0.0045
2.550  0.0074  0.0015
2.650 -0.0695 -0.0174
2.750 -0.0229 -0.0072
2.850 -0.1326 -0.0277
2.950 -0.0282 -0.0063
3.050 -0.0592 -0.0158
3.150 -0.0623 -0.0161
3.250 -0.0481 -0.0134
3.350 -0.0654 -0.0169
3.450 -0.0214 -0.0071
3.550 -0.0459 -0.0132
3.650 -0.0314 -0.0119
3.750 -0.0616 -0.0186
3.850 -0.0003 -0.0001
3.950 -0.0082 -0.0031
4.050 -0.0204 -0.0083
4.150  0.0126  0.0052
4.250  0.0135  0.0068
4.350  0.0315  0.0182
4.450 -0.0151 -0.0068
4.550  0.0234  0.0234
4.650  0.0141  0.0100
4.750 -0.0664 -0.0386
4.850  0.0912  0.0325
4.950 -0.0536 -0.0310
5.050  0.0283  0.0283
5.150  0.0629  0.0366
5.250  0.1118  0.0648
5.350  0.0808  0.0480
5.450  0.0449  0.0319
5.550  0.0713  0.0413
5.650  0.0280  0.0199
5.750  0.1273  0.0909
5.850  0.0404  0.0235
5.950  0.1788  0.1084
6.050 -0.0378 -0.0378
6.150  0.0000  0.0000
6.250  0.0000  0.0000
6.350  0.0859  0.0859
6.450  0.0099  0.0059
6.550  0.0883  0.0883
6.650 -0.0323 -0.0323
6.750  0.1559  0.1164
6.850  0.0983  0.0983
6.950  0.0788  0.0788
7.050  0.0000  0.0000
7.150  0.0000  0.0000
7.250  0.0000  0.0000
7.350  0.0000  0.0000
7.450  0.1227  0.1227
7.550  0.2517  0.2030
7.650  0.1235  0.1235
7.750  0.0311  0.0311
7.850  0.0973  0.0973
7.950  0.0000  0.0000
8.050  0.0000  0.0000
8.150  0.0000  0.0000
8.250  0.0000  0.0000
8.350  0.0000  0.0000
8.450  0.0000  0.0000
8.550  0.0000  0.0000
8.650  0.0989  0.0989
8.750  0.0000  0.0000
8.850  0.1014  0.1014
8.950  0.1027  0.1027
9.050  0.2073  0.2073
9.150  0.0000  0.0000
9.250  0.0000  0.0000
9.350  0.0703  0.0703
9.450  0.0000  0.0000
9.550  0.0000  0.0000
9.650  0.0000  0.0000
9.750  0.0000  0.0000
9.850  0.0000  0.0000
9.950  0.0000  0.0000
10.050  0.1442  0.1442
10.150  0.0000  0.0000
10.250  0.0000  0.0000
10.350  0.0000  0.0000
10.450  0.0000  0.0000
10.550  0.0000  0.0000
10.650  0.0000  0.0000
10.750  0.1094  0.1094
10.850  0.0000  0.0000
10.950  0.0000  0.0000
11.050  0.0000  0.0000
11.150  0.0000  0.0000
11.250  0.0000  0.0000
11.350  0.0000  0.0000
11.450  0.1096  0.1096
11.550  0.0000  0.0000
11.650  0.0000  0.0000
11.750  0.0000  0.0000
11.850  0.0000  0.0000
11.950  0.0000  0.0000
