# ICODE=211, JCODE=-321
# Normalized GAUSSIAN BF, SIGMA_GAUSS=0.3
# NSAMPLE=100000, Tblast=100, UPERPblast(x,y)=(0.75,0.75)
# BARYON_FUDGE=0.75
# ------- normalization=0.08752 -----------------
#dely    BF
0.050  0.1178  0.0015
0.150  0.1280  0.0017
0.250  0.1225  0.0016
0.350  0.0729  0.0010
0.450  0.0868  0.0012
0.550  0.0558  0.0008
0.650  0.0355  0.0005
0.750  0.0143  0.0002
0.850  0.0279  0.0005
0.950  0.0346  0.0006
1.050  0.0090  0.0002
1.150  0.0265  0.0005
1.250  0.0043  0.0001
1.350  0.0139  0.0003
1.450  0.0074  0.0002
1.550  0.0078  0.0002
1.650  0.0013  0.0000
1.750  0.0059  0.0002
1.850  0.0029  0.0001
1.950  0.0003  0.0000
2.050  0.0002  0.0000
2.150  0.0003  0.0000
2.250  0.0021  0.0001
2.350 -0.0000 -0.0000
2.450  0.0018  0.0001
2.550  0.0013  0.0001
2.650  0.0012  0.0001
2.750  0.0014  0.0001
2.850  0.0067  0.0003
2.950  0.0007  0.0000
3.050 -0.0025 -0.0001
3.150  0.0050  0.0003
3.250 -0.0010 -0.0001
3.350  0.0040  0.0002
3.450 -0.0013 -0.0001
3.550  0.0007  0.0000
3.650  0.0008  0.0001
3.750  0.0022  0.0001
3.850  0.0009  0.0001
3.950  0.0005  0.0000
4.050 -0.0013 -0.0001
4.150 -0.0013 -0.0001
4.250 -0.0001 -0.0000
4.350 -0.0008 -0.0001
4.450 -0.0000 -0.0000
4.550 -0.0002 -0.0000
4.650 -0.0000 -0.0000
4.750 -0.0003 -0.0000
4.850  0.0008  0.0001
4.950  0.0003  0.0000
5.050  0.0000  0.0000
5.150 -0.0010 -0.0001
5.250 -0.0005 -0.0001
5.350  0.0001  0.0000
5.450  0.0002  0.0000
5.550 -0.0004 -0.0000
5.650 -0.0003 -0.0000
5.750  0.0009  0.0001
5.850 -0.0008 -0.0001
5.950  0.0012  0.0002
6.050  0.0003  0.0000
6.150 -0.0017 -0.0003
6.250 -0.0009 -0.0001
6.350  0.0014  0.0002
6.450  0.0011  0.0001
6.550  0.0007  0.0001
6.650  0.0018  0.0003
6.750  0.0004  0.0001
6.850  0.0020  0.0004
6.950  0.0017  0.0003
7.050 -0.0018 -0.0003
7.150  0.0008  0.0002
7.250  0.0043  0.0008
7.350  0.0019  0.0004
7.450 -0.0034 -0.0007
7.550  0.0017  0.0004
7.650  0.0000  0.0000
7.750 -0.0022 -0.0004
7.850 -0.0003 -0.0001
7.950  0.0003  0.0001
8.050  0.0024  0.0007
8.150 -0.0043 -0.0012
8.250  0.0007  0.0002
8.350 -0.0042 -0.0012
8.450  0.0013  0.0003
8.550 -0.0021 -0.0006
8.650 -0.0048 -0.0013
8.750  0.0029  0.0009
8.850 -0.0037 -0.0012
8.950  0.0115  0.0031
9.050  0.0047  0.0016
9.150 -0.0018 -0.0006
9.250  0.0048  0.0013
9.350 -0.0042 -0.0019
9.450  0.0081  0.0037
9.550  0.0084  0.0032
9.650 -0.0010 -0.0004
9.750  0.0018  0.0006
9.850 -0.0051 -0.0019
9.950  0.0000  0.0000
10.050  0.0010  0.0005
10.150  0.0032  0.0032
10.250  0.0047  0.0033
10.350  0.0053  0.0022
10.450  0.0103  0.0043
10.550  0.0000  0.0000
10.650  0.0037  0.0020
10.750 -0.0015 -0.0006
10.850  0.0000  0.0000
10.950  0.0000  0.0000
11.050  0.0001  0.0000
11.150  0.0119  0.0070
11.250  0.0000  0.0000
11.350 -0.0064 -0.0037
11.450 -0.0104 -0.0104
11.550 -0.0063 -0.0029
11.650  0.0000  0.0000
11.750  0.0000  0.0000
11.850  0.0000  0.0000
11.950  0.0081  0.0048
