# ICODE=211, JCODE=-211
# Normalized GAUSSIAN BF, SIGMA_GAUSS=0.3
# NSAMPLE=500000, Tblast=100, UPERPblast(x,y)=(0.75,0.75)
# BARYON_FUDGE=0.75
# ------- normalization=0.240825 -----------------
#dely    BF
0.050  0.2853  0.0009
0.150  0.2860  0.0010
0.250  0.2542  0.0009
0.350  0.2493  0.0009
0.450  0.2198  0.0009
0.550  0.2112  0.0009
0.650  0.1838  0.0009
0.750  0.1634  0.0009
0.850  0.1382  0.0008
0.950  0.1142  0.0008
1.050  0.0874  0.0007
1.150  0.0700  0.0006
1.250  0.0566  0.0006
1.350  0.0391  0.0005
1.450  0.0278  0.0004
1.550  0.0159  0.0003
1.650  0.0052  0.0002
1.750  0.0007  0.0001
