# ICODE=211, JCODE=-211
# Normalized GAUSSIAN BF, SIGMA_GAUSS=0.3
# NSAMPLE=100000, Tblast=100, UPERPblast(x,y)=(0.75,0.75)
# BARYON_FUDGE=0.75
# ------- normalization=0.867453 -----------------
#dely    BF
0.050 -0.0877 -0.0005
0.150 -0.0716 -0.0004
0.250 -0.0857 -0.0005
0.350 -0.0892 -0.0005
0.450 -0.0931 -0.0006
0.550 -0.0638 -0.0004
0.650 -0.0625 -0.0004
0.750 -0.0504 -0.0003
0.850 -0.0454 -0.0003
0.950 -0.0619 -0.0004
1.050 -0.0009 -0.0000
1.150 -0.0273 -0.0002
1.250  0.0444  0.0003
1.350  0.0873  0.0007
1.450  0.1545  0.0013
1.550  0.1953  0.0017
1.650  0.1871  0.0017
1.750  0.2560  0.0024
1.850  0.3415  0.0033
1.950  0.2382  0.0024
2.050  0.3408  0.0036
2.150  0.3080  0.0034
2.250  0.4034  0.0046
2.350  0.3641  0.0043
2.450  0.3643  0.0045
2.550  0.3269  0.0042
2.650  0.3185  0.0043
2.750  0.2869  0.0040
2.850  0.2846  0.0041
2.950  0.2595  0.0040
3.050  0.2366  0.0037
3.150  0.2291  0.0037
3.250  0.2369  0.0040
3.350  0.1571  0.0027
3.450  0.2018  0.0037
3.550  0.1817  0.0034
3.650  0.1921  0.0037
3.750  0.1933  0.0040
3.850  0.1378  0.0029
3.950  0.1467  0.0032
4.050  0.1503  0.0034
4.150  0.1496  0.0035
4.250  0.1276  0.0031
4.350  0.1159  0.0029
4.450  0.1157  0.0029
4.550  0.0871  0.0023
4.650  0.1003  0.0027
4.750  0.0962  0.0027
4.850  0.0899  0.0028
4.950  0.0682  0.0021
5.050  0.0917  0.0029
5.150  0.0823  0.0027
5.250  0.0801  0.0028
5.350  0.0772  0.0027
5.450  0.0658  0.0024
5.550  0.0808  0.0030
5.650  0.0726  0.0029
5.750  0.0540  0.0021
5.850  0.0581  0.0023
5.950  0.0605  0.0025
6.050  0.0524  0.0023
6.150  0.0615  0.0029
6.250  0.0489  0.0023
6.350  0.0546  0.0027
6.450  0.0277  0.0014
6.550  0.0704  0.0034
6.650  0.0467  0.0024
6.750  0.0348  0.0019
6.850  0.0193  0.0011
6.950  0.0292  0.0016
7.050  0.0296  0.0019
7.150  0.0081  0.0005
7.250 -0.0182 -0.0011
7.350  0.0180  0.0011
7.450  0.0220  0.0015
7.550  0.0260  0.0019
7.650  0.0338  0.0025
7.750  0.0136  0.0010
7.850  0.0108  0.0008
7.950  0.0232  0.0019
8.050  0.0332  0.0027
8.150  0.0189  0.0016
8.250  0.0144  0.0012
8.350  0.0010  0.0001
8.450  0.0348  0.0032
8.550  0.0216  0.0019
8.650  0.0018  0.0002
8.750  0.0230  0.0023
8.850  0.0115  0.0012
8.950  0.0336  0.0033
9.050  0.0030  0.0003
9.150  0.0115  0.0013
9.250  0.0121  0.0014
9.350  0.0298  0.0034
9.450  0.0070  0.0008
9.550  0.0088  0.0012
9.650  0.0156  0.0019
9.750 -0.0079 -0.0012
9.850 -0.0032 -0.0004
9.950 -0.0195 -0.0030
10.050  0.0004  0.0001
10.150  0.0036  0.0005
10.250  0.0017  0.0003
10.350  0.0149  0.0021
10.450  0.0204  0.0029
10.550 -0.0123 -0.0019
10.650  0.0217  0.0038
10.750  0.0282  0.0041
10.850 -0.0002 -0.0000
10.950  0.0106  0.0018
11.050  0.0025  0.0004
11.150  0.0025  0.0006
11.250  0.0000  0.0000
11.350 -0.0026 -0.0005
11.450 -0.0048 -0.0009
11.550  0.0111  0.0026
11.650  0.0055  0.0012
11.750 -0.0050 -0.0014
11.850 -0.0284 -0.0078
11.950  0.0073  0.0018
