# ICODE=321, JCODE=-2212
# Normalized GAUSSIAN BF, SIGMA_GAUSS=0.3
# NSAMPLE=100000, Tblast=100, UPERPblast(x,y)=(0.75,0.75)
# BARYON_FUDGE=0.75
# ------- normalization=0.000278223 -----------------
#dely    BF
0.050 -0.4475 -0.0240
0.150 -0.4692 -0.0238
0.250 -0.3362 -0.0178
0.350 -0.1975 -0.0108
0.450 -0.1367 -0.0079
0.550 -0.1526 -0.0087
0.650 -0.1380 -0.0080
0.750 -0.0805 -0.0052
0.850 -0.0490 -0.0034
0.950 -0.0873 -0.0058
1.050 -0.0867 -0.0062
1.150 -0.0608 -0.0044
1.250 -0.0556 -0.0045
1.350 -0.0541 -0.0047
1.450  0.0030  0.0003
1.550  0.0145  0.0013
1.650 -0.0156 -0.0015
1.750  0.0147  0.0014
1.850  0.0211  0.0021
1.950  0.0327  0.0034
2.050  0.0752  0.0096
2.150  0.0854  0.0113
2.250  0.0904  0.0111
2.350  0.0666  0.0083
2.450  0.1113  0.0148
2.550  0.0485  0.0082
2.650  0.0860  0.0133
2.750  0.0600  0.0105
2.850  0.0823  0.0130
2.950  0.0341  0.0070
3.050  0.0595  0.0117
3.150  0.0477  0.0094
3.250  0.0785  0.0164
3.350  0.0838  0.0171
3.450  0.0453  0.0107
3.550  0.0562  0.0133
3.650  0.0723  0.0176
3.750  0.0616  0.0145
3.850  0.0510  0.0128
3.950  0.0649  0.0168
4.050  0.0416  0.0120
4.150  0.0644  0.0172
4.250  0.0534  0.0155
4.350  0.0588  0.0178
4.450  0.0566  0.0157
4.550  0.0240  0.0080
4.650  0.0616  0.0206
4.750  0.0405  0.0166
4.850  0.0246  0.0143
4.950  0.0232  0.0134
5.050  0.0444  0.0182
5.150  0.0723  0.0275
5.250  0.0136  0.0068
5.350  0.0559  0.0283
5.450  0.0086  0.0049
5.550  0.0054  0.0038
5.650  0.0205  0.0205
5.750  0.0117  0.0068
5.850  0.0400  0.0283
5.950  0.0270  0.0191
6.050  0.0068  0.0068
6.150  0.0069  0.0069
6.250  0.0160  0.0093
6.350  0.0329  0.0165
6.450  0.0000  0.0000
6.550  0.0281  0.0201
6.650  0.0034  0.0034
6.750  0.0000  0.0000
6.850  0.0033  0.0033
6.950  0.0000  0.0000
7.050  0.0189  0.0095
7.150  0.0000  0.0000
7.250  0.0000  0.0000
7.350  0.0000  0.0000
7.450  0.0114  0.0114
7.550  0.0000  0.0000
7.650  0.0000  0.0000
7.750  0.0000  0.0000
7.850  0.0000  0.0000
7.950  0.0333  0.0333
8.050  0.0000  0.0000
8.150  0.0000  0.0000
8.250  0.0000  0.0000
8.350  0.0000  0.0000
8.450  0.0000  0.0000
8.550  0.0000  0.0000
8.650  0.0373  0.0373
8.750  0.0000  0.0000
8.850  0.0172  0.0122
8.950  0.0000  0.0000
9.050  0.0000  0.0000
9.150  0.0000  0.0000
9.250  0.0000  0.0000
9.350  0.0048  0.0048
9.450  0.0000  0.0000
9.550  0.0000  0.0000
9.650  0.0000  0.0000
9.750  0.0000  0.0000
9.850  0.0000  0.0000
9.950  0.0000  0.0000
10.050  0.0000  0.0000
10.150 -0.0447 -0.0447
10.250  0.0000  0.0000
10.350  0.0000  0.0000
10.450  0.0000  0.0000
10.550  0.0000  0.0000
10.650  0.0000  0.0000
10.750  0.0000  0.0000
10.850  0.0000  0.0000
10.950  0.0000  0.0000
11.050  0.0000  0.0000
11.150  0.0000  0.0000
11.250  0.0000  0.0000
11.350  0.0000  0.0000
11.450  0.0000  0.0000
11.550  0.0000  0.0000
11.650  0.0000  0.0000
11.750  0.0000  0.0000
11.850  0.0000  0.0000
11.950  0.0000  0.0000
