# ICODE=321, JCODE=-2212
# Normalized GAUSSIAN BF, SIGMA_GAUSS=0.3
# NSAMPLE=100000, Tblast=100, UPERPblast(x,y)=(0.75,0.75)
# BARYON_FUDGE=0.75
# ------- normalization=0.0398816 -----------------
#dely    BF
0.050 -0.4446 -0.0275
0.150 -0.4602 -0.0273
0.250 -0.4303 -0.0263
0.350 -0.3938 -0.0236
0.450 -0.3800 -0.0239
0.550 -0.2886 -0.0200
0.650 -0.3174 -0.0205
0.750 -0.2812 -0.0190
0.850 -0.1939 -0.0147
0.950 -0.2002 -0.0144
1.050 -0.1421 -0.0107
1.150 -0.1257 -0.0097
1.250 -0.1544 -0.0119
1.350 -0.1349 -0.0103
1.450 -0.0792 -0.0067
1.550 -0.0272 -0.0025
1.650 -0.0495 -0.0045
1.750 -0.0148 -0.0015
1.850  0.0077  0.0008
1.950  0.0387  0.0042
2.050  0.0604  0.0058
2.150  0.0706  0.0072
2.250  0.0886  0.0100
2.350  0.0824  0.0091
2.450  0.0946  0.0109
2.550  0.1265  0.0150
2.650  0.1358  0.0165
2.750  0.1493  0.0187
2.850  0.1649  0.0211
2.950  0.1231  0.0188
3.050  0.1855  0.0255
3.150  0.2084  0.0305
3.250  0.1625  0.0246
3.350  0.1476  0.0234
3.450  0.1684  0.0281
3.550  0.0929  0.0208
3.650  0.2111  0.0369
3.750  0.1340  0.0259
3.850  0.0987  0.0202
3.950  0.1490  0.0294
4.050  0.1372  0.0265
4.150  0.1121  0.0265
4.250  0.0944  0.0230
4.350  0.1174  0.0231
4.450  0.0846  0.0227
4.550  0.0972  0.0199
4.650  0.0360  0.0120
4.750  0.0877  0.0207
4.850  0.0403  0.0117
4.950  0.0445  0.0124
5.050  0.0552  0.0196
5.150  0.1294  0.0337
5.250  0.0545  0.0194
5.350  0.0400  0.0164
5.450  0.0164  0.0095
5.550  0.1265  0.0405
5.650  0.0411  0.0156
5.750  0.0181  0.0105
5.850  0.0659  0.0296
5.950  0.0746  0.0286
6.050  0.0143  0.0064
6.150  0.0289  0.0129
6.250  0.0416  0.0209
6.350  0.0083  0.0048
6.450  0.0367  0.0165
6.550  0.0188  0.0109
6.650  0.0027  0.0027
6.750  0.0157  0.0091
6.850  0.0260  0.0131
6.950  0.0310  0.0156
7.050  0.0073  0.0052
7.150  0.0241  0.0121
7.250  0.0000  0.0000
7.350  0.0127  0.0127
7.450 -0.0061 -0.0043
7.550  0.0433  0.0218
7.650  0.0000  0.0000
7.750  0.0107  0.0076
7.850  0.0016  0.0009
7.950  0.0492  0.0492
8.050  0.0000  0.0000
8.150  0.0000  0.0000
8.250  0.0000  0.0000
8.350 -0.0046 -0.0027
8.450 -0.0003 -0.0003
8.550  0.0000  0.0000
8.650 -0.0015 -0.0015
8.750  0.0000  0.0000
8.850 -0.0013 -0.0009
8.950  0.0000  0.0000
9.050 -0.0064 -0.0064
9.150  0.0000  0.0000
9.250  0.0000  0.0000
9.350  0.0000  0.0000
9.450  0.0211  0.0211
9.550  0.0000  0.0000
9.650  0.0000  0.0000
9.750  0.0000  0.0000
9.850  0.0000  0.0000
9.950  0.0000  0.0000
10.050  0.0297  0.0211
10.150  0.0000  0.0000
10.250  0.0000  0.0000
10.350  0.0000  0.0000
10.450  0.0000  0.0000
10.550  0.0000  0.0000
10.650  0.0000  0.0000
10.750 -0.0156 -0.0156
10.850  0.0000  0.0000
10.950  0.0000  0.0000
11.050  0.0000  0.0000
11.150  0.0000  0.0000
11.250  0.0000  0.0000
11.350  0.0000  0.0000
11.450  0.0000  0.0000
11.550  0.0000  0.0000
11.650  0.0000  0.0000
11.750  0.0000  0.0000
11.850 -0.0278 -0.0278
11.950  0.0000  0.0000
