# ICODE=321, JCODE=-2212
# Normalized GAUSSIAN BF, SIGMA_GAUSS=0.3
# NSAMPLE=100000, Tblast=100, UPERPblast(x,y)=(0.75,0.75)
# BARYON_FUDGE=0.75
# ------- normalization=0.0219544 -----------------
#dely    BF
0.050 -0.0387 -0.0025
0.150 -0.0380 -0.0024
0.250 -0.0619 -0.0039
0.350 -0.0994 -0.0063
0.450 -0.1038 -0.0067
0.550 -0.1526 -0.0102
0.650 -0.1634 -0.0112
0.750 -0.1970 -0.0137
0.850 -0.1684 -0.0126
0.950 -0.1798 -0.0139
1.050 -0.1541 -0.0115
1.150 -0.1789 -0.0141
1.250 -0.1484 -0.0116
1.350 -0.1001 -0.0090
1.450 -0.1201 -0.0097
1.550 -0.0694 -0.0063
1.650 -0.0688 -0.0060
1.750 -0.0253 -0.0021
1.850 -0.0066 -0.0006
1.950  0.0016  0.0002
2.050  0.0020  0.0002
2.150  0.0028  0.0003
2.250  0.0232  0.0025
2.350  0.0082  0.0009
2.450  0.0486  0.0057
2.550  0.0349  0.0042
2.650  0.0237  0.0026
2.750  0.0178  0.0023
2.850  0.0260  0.0037
2.950 -0.0096 -0.0013
3.050  0.0042  0.0006
3.150 -0.0075 -0.0013
3.250  0.0575  0.0079
3.350  0.0277  0.0041
3.450  0.0453  0.0066
3.550 -0.0133 -0.0020
3.650  0.0413  0.0080
3.750 -0.0015 -0.0003
3.850  0.0074  0.0015
3.950  0.0172  0.0030
4.050  0.0389  0.0068
4.150  0.0494  0.0105
4.250 -0.0093 -0.0022
4.350  0.0067  0.0015
4.450  0.0026  0.0007
4.550 -0.0054 -0.0012
4.650 -0.0018 -0.0005
4.750  0.0013  0.0003
4.850  0.1159  0.0353
4.950  0.0528  0.0176
5.050  0.0289  0.0075
5.150  0.0353  0.0102
5.250  0.0244  0.0087
5.350  0.0580  0.0185
5.450  0.0302  0.0084
5.550  0.0245  0.0074
5.650  0.1130  0.0365
5.750  0.0632  0.0212
5.850 -0.0147 -0.0060
5.950  0.0033  0.0014
6.050  0.0206  0.0084
6.150 -0.0105 -0.0043
6.250  0.0338  0.0170
6.350  0.0029  0.0011
6.450 -0.0026 -0.0015
6.550  0.0383  0.0226
6.650  0.0961  0.0314
6.750  0.0147  0.0085
6.850  0.0071  0.0027
6.950 -0.0005 -0.0004
7.050 -0.0001 -0.0001
7.150  0.0827  0.0509
7.250  0.0038  0.0022
7.350  0.0012  0.0009
7.450  0.0377  0.0377
7.550 -0.0019 -0.0014
7.650 -0.0014 -0.0008
7.750  0.0000  0.0000
7.850  0.0114  0.0080
7.950  0.0067  0.0047
8.050  0.0154  0.0077
8.150  0.0000  0.0000
8.250  0.0003  0.0002
8.350  0.0239  0.0138
8.450  0.0000  0.0000
8.550  0.0000  0.0000
8.650  0.0607  0.0607
8.750  0.0101  0.0101
8.850  0.0000  0.0000
8.950  0.0213  0.0213
9.050  0.0000  0.0000
9.150  0.0000  0.0000
9.250 -0.0130 -0.0130
9.350  0.0125  0.0125
9.450  0.0000  0.0000
9.550  0.0764  0.0585
9.650  0.1028  0.0653
9.750  0.0420  0.0420
9.850  0.0000  0.0000
9.950  0.0000  0.0000
10.050  0.0000  0.0000
10.150  0.0337  0.0242
10.250  0.0262  0.0262
10.350  0.0000  0.0000
10.450  0.0611  0.0611
10.550  0.0000  0.0000
10.650  0.0000  0.0000
10.750  0.0000  0.0000
10.850  0.0505  0.0505
10.950  0.0000  0.0000
11.050  0.0000  0.0000
11.150  0.0000  0.0000
11.250  0.0000  0.0000
11.350  0.1772  0.1772
11.450  0.0000  0.0000
11.550  0.0000  0.0000
11.650  0.0000  0.0000
11.750  0.0000  0.0000
11.850  0.0000  0.0000
11.950  0.0000  0.0000
