# ICODE=321, JCODE=-321
# Normalized GAUSSIAN BF, SIGMA_GAUSS=0.3
# NSAMPLE=100000, Tblast=100, UPERPblast(x,y)=(0.75,0.75)
# BARYON_FUDGE=0.75
# ------- normalization=0.106449 -----------------
#dely    BF
0.050  0.1314  0.0074
0.150  0.1685  0.0092
0.250  0.1651  0.0093
0.350  0.1519  0.0090
0.450  0.0911  0.0064
0.550  0.1104  0.0077
0.650  0.0736  0.0053
0.750  0.0608  0.0051
0.850  0.0455  0.0041
0.950  0.0261  0.0028
1.050  0.0202  0.0026
1.150  0.0120  0.0021
1.250  0.0058  0.0010
1.350  0.0014  0.0004
1.450  0.0003  0.0001
1.550  0.0004  0.0004
1.650  0.0000  0.0000
1.750  0.0000  0.0000
