# ICODE=211, JCODE=-321
# Normalized GAUSSIAN BF, SIGMA_GAUSS=0.3
# NSAMPLE=100000, Tblast=100, UPERPblast(x,y)=(0.75,0.75)
# BARYON_FUDGE=0.75
# ------- normalization=0.0955289 -----------------
#dely    BF
0.050  0.0280  0.0004
0.150  0.0380  0.0006
0.250  0.0452  0.0007
0.350  0.0288  0.0005
0.450  0.0441  0.0007
0.550  0.0316  0.0005
0.650  0.0309  0.0005
0.750  0.0068  0.0001
0.850  0.0097  0.0002
0.950  0.0020  0.0000
1.050  0.0044  0.0001
1.150  0.0098  0.0002
1.250 -0.0000 -0.0000
1.350  0.0006  0.0000
1.450 -0.0004 -0.0000
1.550 -0.0013 -0.0000
1.650 -0.0027 -0.0001
1.750 -0.0026 -0.0001
1.850  0.0002  0.0000
1.950  0.0027  0.0001
2.050  0.0056  0.0001
2.150  0.0037  0.0001
2.250  0.0010  0.0000
2.350  0.0052  0.0002
2.450  0.0053  0.0002
2.550  0.0132  0.0004
2.650  0.0186  0.0006
2.750  0.0123  0.0004
2.850  0.0024  0.0001
2.950  0.0037  0.0001
3.050  0.0049  0.0002
3.150  0.0056  0.0002
3.250  0.0241  0.0010
3.350  0.0169  0.0007
3.450  0.0037  0.0002
3.550  0.0097  0.0004
3.650  0.0036  0.0002
3.750  0.0110  0.0005
3.850  0.0073  0.0004
3.950 -0.0044 -0.0002
4.050  0.0189  0.0010
4.150 -0.0010 -0.0001
4.250  0.0008  0.0000
4.350 -0.0080 -0.0005
4.450 -0.0042 -0.0003
4.550  0.0057  0.0004
4.650  0.0019  0.0001
4.750 -0.0194 -0.0013
4.850  0.0120  0.0009
4.950 -0.0099 -0.0008
5.050 -0.0176 -0.0014
5.150  0.0254  0.0020
5.250  0.0004  0.0000
5.350  0.0027  0.0002
5.450  0.0075  0.0007
5.550  0.0040  0.0003
5.650  0.0250  0.0023
5.750  0.0123  0.0012
5.850  0.0356  0.0037
5.950 -0.0050 -0.0005
6.050 -0.0008 -0.0001
6.150  0.0275  0.0030
6.250  0.0213  0.0024
6.350  0.0150  0.0018
6.450  0.0003  0.0000
6.550 -0.0046 -0.0006
6.650  0.0148  0.0020
6.750 -0.0105 -0.0016
6.850  0.0076  0.0011
6.950 -0.0052 -0.0008
7.050 -0.0146 -0.0023
7.150  0.0094  0.0014
7.250  0.0076  0.0013
7.350 -0.0000 -0.0000
7.450 -0.0070 -0.0014
7.550  0.0025  0.0006
7.650  0.0051  0.0009
7.750  0.0031  0.0006
7.850  0.0042  0.0009
7.950  0.0028  0.0006
8.050  0.0113  0.0024
8.150  0.0010  0.0003
8.250  0.0152  0.0034
8.350  0.0029  0.0008
8.450  0.0098  0.0023
8.550  0.0035  0.0011
8.650 -0.0038 -0.0010
8.750  0.0062  0.0015
8.850  0.0105  0.0034
8.950  0.0096  0.0022
9.050  0.0121  0.0054
9.150  0.0054  0.0017
9.250  0.0027  0.0009
9.350  0.0050  0.0013
9.450  0.0066  0.0024
9.550  0.0081  0.0037
9.650  0.0037  0.0017
9.750  0.0042  0.0019
9.850  0.0043  0.0016
9.950  0.0135  0.0038
10.050  0.0085  0.0031
10.150  0.0038  0.0019
10.250 -0.0006 -0.0003
10.350  0.0029  0.0021
10.450  0.0087  0.0036
10.550  0.0161  0.0075
10.650  0.0000  0.0000
10.750 -0.0057 -0.0041
10.850  0.0000  0.0000
10.950  0.0086  0.0053
11.050  0.0152  0.0070
11.150  0.0226  0.0111
11.250 -0.0000 -0.0000
11.350  0.0055  0.0031
11.450  0.0056  0.0022
11.550  0.0074  0.0054
11.650  0.0069  0.0036
11.750  0.0003  0.0002
11.850  0.0202  0.0171
11.950  0.0106  0.0106
