# ICODE=321, JCODE=-2212
# Normalized GAUSSIAN BF, SIGMA_GAUSS=0.3
# NSAMPLE=100000, Tblast=100, UPERPblast(x,y)=(0.75,0.75)
# BARYON_FUDGE=0.75
# ------- normalization=0.000337069 -----------------
#dely    BF
0.050 -0.1874 -0.0092
0.150 -0.1363 -0.0069
0.250 -0.1177 -0.0058
0.350 -0.1313 -0.0065
0.450 -0.0581 -0.0031
0.550 -0.0599 -0.0034
0.650 -0.0785 -0.0046
0.750 -0.0979 -0.0058
0.850 -0.0682 -0.0043
0.950 -0.0734 -0.0053
1.050 -0.0708 -0.0052
1.150 -0.0677 -0.0053
1.250 -0.0421 -0.0034
1.350 -0.0180 -0.0016
1.450  0.0132  0.0012
1.550  0.0657  0.0064
1.650  0.0743  0.0077
1.750  0.0634  0.0064
1.850  0.1153  0.0121
1.950  0.1305  0.0146
2.050  0.1208  0.0156
2.150  0.1100  0.0140
2.250  0.1653  0.0234
2.350  0.1008  0.0143
2.450  0.1022  0.0166
2.550  0.0971  0.0140
2.650  0.0874  0.0169
2.750  0.0528  0.0104
2.850  0.0690  0.0138
2.950  0.0414  0.0098
3.050  0.0273  0.0079
3.150  0.0143  0.0036
3.250  0.0370  0.0083
3.350  0.0314  0.0095
3.450  0.0178  0.0045
3.550  0.0204  0.0056
3.650 -0.0043 -0.0013
3.750  0.0109  0.0034
3.850  0.0099  0.0035
3.950 -0.0047 -0.0017
4.050  0.0094  0.0033
4.150 -0.0128 -0.0048
4.250 -0.0016 -0.0007
4.350  0.0070  0.0028
4.450 -0.0052 -0.0018
4.550  0.0100  0.0050
4.650 -0.0034 -0.0013
4.750 -0.0110 -0.0110
4.850 -0.0403 -0.0165
4.950 -0.0293 -0.0120
5.050  0.0067  0.0048
5.150  0.0000  0.0000
5.250 -0.0739 -0.0304
5.350 -0.0140 -0.0099
5.450  0.0000  0.0000
5.550 -0.0793 -0.0409
5.650  0.0000  0.0000
5.750  0.0000  0.0000
5.850  0.0000  0.0000
5.950 -0.0144 -0.0144
6.050  0.0059  0.0042
6.150 -0.0192 -0.0192
6.250  0.0000  0.0000
6.350  0.0000  0.0000
6.450  0.0000  0.0000
6.550 -0.0421 -0.0421
6.650  0.0082  0.0058
6.750  0.0000  0.0000
6.850  0.0000  0.0000
6.950  0.0000  0.0000
7.050  0.0000  0.0000
7.150  0.0000  0.0000
7.250 -0.0241 -0.0241
7.350  0.0000  0.0000
7.450  0.0000  0.0000
7.550  0.0000  0.0000
7.650  0.0000  0.0000
7.750  0.0000  0.0000
7.850  0.0000  0.0000
7.950  0.0000  0.0000
8.050  0.0000  0.0000
8.150  0.0000  0.0000
8.250  0.0000  0.0000
8.350  0.0000  0.0000
8.450  0.0000  0.0000
8.550  0.0000  0.0000
8.650  0.0000  0.0000
8.750  0.0000  0.0000
8.850  0.0000  0.0000
8.950  0.0000  0.0000
9.050  0.0000  0.0000
9.150  0.0000  0.0000
9.250  0.0000  0.0000
9.350  0.0000  0.0000
9.450 -0.0353 -0.0353
9.550  0.0000  0.0000
9.650  0.0000  0.0000
9.750  0.0000  0.0000
9.850  0.0000  0.0000
9.950  0.0000  0.0000
10.050  0.0000  0.0000
10.150  0.0000  0.0000
10.250  0.0000  0.0000
10.350  0.0000  0.0000
10.450  0.0000  0.0000
10.550  0.0000  0.0000
10.650  0.0000  0.0000
10.750  0.0000  0.0000
10.850  0.0000  0.0000
10.950  0.0000  0.0000
11.050  0.0000  0.0000
11.150  0.0000  0.0000
11.250  0.0000  0.0000
11.350  0.0000  0.0000
11.450  0.0000  0.0000
11.550  0.0000  0.0000
11.650  0.0000  0.0000
11.750  0.0000  0.0000
11.850  0.0000  0.0000
11.950  0.0000  0.0000
