# ICODE=2212, JCODE=-2212
# Normalized GAUSSIAN BF, SIGMA_GAUSS=0.3
# NSAMPLE=100000, Tblast=100, UPERPblast(x,y)=(0.75,0.75)
# BARYON_FUDGE=0.75
# ------- normalization=0.682072 -----------------
#dely    BF
0.050  0.5289  0.0475
0.150  0.7518  0.0610
0.250  0.5626  0.0534
0.350  0.6252  0.0571
0.450  0.6493  0.0653
0.550  0.7622  0.0791
0.650  0.6540  0.0668
0.750  0.5667  0.0585
0.850  0.4111  0.0469
0.950  0.3288  0.0393
1.050  0.2583  0.0323
1.150  0.3982  0.0498
1.250  0.2954  0.0392
1.350  0.1810  0.0236
1.450  0.2658  0.0365
1.550  0.1312  0.0184
1.650  0.1236  0.0177
1.750  0.0815  0.0120
1.850  0.0456  0.0075
1.950  0.0717  0.0121
2.050  0.0480  0.0077
2.150  0.0703  0.0114
2.250  0.0206  0.0034
2.350 -0.0139 -0.0028
2.450 -0.0182 -0.0036
2.550 -0.0238 -0.0048
2.650 -0.0366 -0.0075
2.750  0.0474  0.0099
2.850 -0.0051 -0.0011
2.950 -0.0159 -0.0032
3.050 -0.0178 -0.0039
3.150  0.0301  0.0067
3.250  0.0121  0.0031
3.350 -0.0286 -0.0091
3.450 -0.0029 -0.0007
3.550 -0.1240 -0.0332
3.650 -0.0270 -0.0078
3.750 -0.0537 -0.0135
3.850 -0.0302 -0.0096
3.950 -0.0650 -0.0206
4.050  0.0011  0.0006
4.150  0.0179  0.0060
4.250  0.0388  0.0137
4.350  0.0051  0.0026
4.450  0.0061  0.0035
4.550 -0.1051 -0.0374
4.650 -0.0198 -0.0075
4.750  0.0420  0.0188
4.850 -0.1022 -0.0345
4.950  0.0580  0.0291
5.050  0.0369  0.0165
5.150  0.0511  0.0209
5.250  0.0241  0.0139
5.350 -0.0686 -0.0400
5.450  0.0278  0.0161
5.550 -0.0387 -0.0137
5.650 -0.1150 -0.0838
5.750  0.0152  0.0152
5.850 -0.0471 -0.0213
5.950  0.0000  0.0000
6.050  0.0000  0.0000
6.150  0.0000  0.0000
6.250  0.0000  0.0000
6.350 -0.0837 -0.0837
6.450  0.0000  0.0000
6.550  0.0344  0.0199
6.650 -0.0984 -0.0984
6.750  0.0152  0.0152
6.850  0.0000  0.0000
6.950  0.0000  0.0000
7.050  0.0146  0.0103
7.150  0.0474  0.0237
7.250  0.0000  0.0000
7.350  0.0000  0.0000
7.450  0.0000  0.0000
7.550  0.0000  0.0000
7.650  0.0123  0.0123
7.750  0.0000  0.0000
7.850  0.0000  0.0000
7.950  0.0000  0.0000
8.050  0.0000  0.0000
8.150  0.0000  0.0000
8.250 -0.1541 -0.1150
8.350  0.0000  0.0000
8.450 -0.1620 -0.0978
8.550 -0.0065 -0.0065
8.650  0.0000  0.0000
8.750  0.0000  0.0000
8.850  0.0000  0.0000
8.950  0.0000  0.0000
9.050  0.0000  0.0000
9.150  0.0000  0.0000
9.250 -0.0483 -0.0344
9.350  0.0000  0.0000
9.450  0.0000  0.0000
9.550  0.0000  0.0000
9.650 -0.0368 -0.0368
9.750  0.0000  0.0000
9.850  0.0000  0.0000
9.950  0.0000  0.0000
10.050  0.0000  0.0000
10.150  0.0000  0.0000
10.250  0.0000  0.0000
10.350  0.0000  0.0000
10.450  0.0000  0.0000
10.550  0.0000  0.0000
10.650  0.0000  0.0000
10.750  0.0000  0.0000
10.850  0.0000  0.0000
10.950  0.0000  0.0000
11.050  0.0000  0.0000
11.150  0.0000  0.0000
11.250  0.0000  0.0000
11.350  0.0000  0.0000
11.450  0.0000  0.0000
11.550  0.0000  0.0000
11.650  0.0000  0.0000
11.750  0.0000  0.0000
11.850  0.0000  0.0000
11.950  0.0000  0.0000
