# ICODE=2212, JCODE=-2212
# Normalized GAUSSIAN BF, SIGMA_GAUSS=0.3
# NSAMPLE=500000, Tblast=100, UPERPblast(x,y)=(0.75,0.75)
# BARYON_FUDGE=0.75
# ------- normalization=0.105006 -----------------
#dely    BF
0.050  0.1672  0.0126
0.150  0.1512  0.0123
0.250  0.1500  0.0122
0.350  0.1192  0.0108
0.450  0.1173  0.0105
0.550  0.0951  0.0095
0.650  0.1091  0.0123
0.750  0.0593  0.0079
0.850  0.0318  0.0052
0.950  0.0076  0.0019
1.050  0.0277  0.0053
1.150  0.0072  0.0024
1.250  0.0053  0.0019
1.350  0.0017  0.0012
1.450  0.0003  0.0003
1.550  0.0000  0.0000
1.650  0.0000  0.0000
1.750  0.0000  0.0000
