# ICODE=321, JCODE=-321
# Normalized GAUSSIAN BF, SIGMA_GAUSS=0.3
# NSAMPLE=100000, Tblast=100, UPERPblast(x,y)=(0.75,0.75)
# BARYON_FUDGE=0.75
# ------- normalization=0.639679 -----------------
#dely    BF
0.050  0.2701  0.0099
0.150  0.1606  0.0062
0.250  0.1620  0.0062
0.350  0.1218  0.0046
0.450  0.0492  0.0020
0.550  0.0109  0.0004
0.650 -0.0665 -0.0028
0.750 -0.1219 -0.0052
0.850 -0.0962 -0.0043
0.950 -0.1085 -0.0051
1.050 -0.1413 -0.0066
1.150 -0.1173 -0.0060
1.250 -0.1382 -0.0073
1.350 -0.1296 -0.0069
1.450 -0.1056 -0.0061
1.550 -0.1292 -0.0074
1.650 -0.1286 -0.0076
1.750 -0.1045 -0.0062
1.850 -0.0892 -0.0056
1.950 -0.0510 -0.0035
2.050 -0.0165 -0.0011
2.150  0.0210  0.0015
2.250  0.0026  0.0002
2.350  0.0299  0.0024
2.450  0.0711  0.0056
2.550  0.0889  0.0072
2.650  0.1023  0.0092
2.750  0.1198  0.0107
2.850  0.1808  0.0168
2.950  0.1605  0.0151
3.050  0.2011  0.0202
3.150  0.1890  0.0179
3.250  0.2364  0.0248
3.350  0.1526  0.0170
3.450  0.2740  0.0274
3.550  0.2821  0.0306
3.650  0.1946  0.0258
3.750  0.2502  0.0309
3.850  0.3212  0.0358
3.950  0.2086  0.0259
4.050  0.2679  0.0373
4.150  0.2731  0.0363
4.250  0.3688  0.0478
4.350  0.3472  0.0515
4.450  0.3477  0.0510
4.550  0.2588  0.0412
4.650  0.2531  0.0413
4.750  0.3377  0.0560
4.850  0.1875  0.0350
4.950  0.2657  0.0453
5.050  0.2459  0.0396
5.150  0.1517  0.0278
5.250  0.2408  0.0416
5.350  0.3622  0.0620
5.450  0.2153  0.0404
5.550  0.2721  0.0604
5.650  0.1547  0.0405
5.750  0.3778  0.0702
5.850  0.2795  0.0526
5.950  0.1715  0.0370
6.050  0.2276  0.0505
6.150  0.1622  0.0377
6.250  0.3001  0.0797
6.350  0.3461  0.0709
6.450  0.1939  0.0513
6.550  0.2700  0.0671
6.650  0.1118  0.0427
6.750  0.1580  0.0541
6.850  0.1185  0.0310
6.950  0.1168  0.0342
7.050  0.2152  0.0532
7.150  0.2677  0.0665
7.250  0.0830  0.0319
7.350  0.0837  0.0282
7.450  0.0766  0.0294
7.550  0.1862  0.0546
7.650  0.1984  0.0563
7.750  0.0994  0.0337
7.850  0.1333  0.0407
7.950  0.0953  0.0342
8.050  0.0507  0.0300
8.150  0.1102  0.0423
8.250  0.0559  0.0213
8.350  0.0686  0.0349
8.450  0.0438  0.0196
8.550  0.0521  0.0264
8.650  0.0697  0.0355
8.750  0.0613  0.0361
8.850  0.0129  0.0092
8.950  0.0000  0.0000
9.050  0.0282  0.0115
9.150  0.0150  0.0075
9.250  0.0077  0.0035
9.350  0.0032  0.0023
9.450  0.0000  0.0000
9.550 -0.0258 -0.0150
9.650 -0.0582 -0.0300
9.750 -0.0260 -0.0131
9.850  0.0000  0.0000
9.950  0.0000  0.0000
10.050 -0.0274 -0.0196
10.150  0.0000  0.0000
10.250 -0.0563 -0.0405
10.350 -0.1128 -0.0680
10.450 -0.0426 -0.0309
10.550  0.0000  0.0000
10.650 -0.1263 -0.0733
10.750  0.0000  0.0000
10.850  0.0000  0.0000
10.950  0.0000  0.0000
11.050  0.0000  0.0000
11.150 -0.0004 -0.0002
11.250  0.0000  0.0000
11.350  0.0000  0.0000
11.450 -0.1777 -0.1282
11.550 -0.1544 -0.1544
11.650  0.0000  0.0000
11.750 -0.1427 -0.1427
11.850  0.0000  0.0000
11.950  0.0021  0.0021
