# ICODE=211, JCODE=-211
# Normalized GAUSSIAN BF, SIGMA_GAUSS=0.3
# NSAMPLE=100000, Tblast=100, UPERPblast(x,y)=(0.75,0.75)
# BARYON_FUDGE=0.75
# ------- normalization=0.891986 -----------------
#dely    BF
0.050  0.9553  0.0060
0.150  0.9345  0.0058
0.250  0.9477  0.0060
0.350  0.9464  0.0060
0.450  0.9815  0.0063
0.550  0.8862  0.0058
0.650  0.8207  0.0055
0.750  0.7856  0.0054
0.850  0.6723  0.0047
0.950  0.5599  0.0040
1.050  0.5076  0.0038
1.150  0.3960  0.0030
1.250  0.2846  0.0023
1.350  0.2262  0.0019
1.450  0.1444  0.0012
1.550  0.0585  0.0005
1.650  0.0095  0.0001
1.750 -0.0245 -0.0002
1.850 -0.0403 -0.0004
1.950 -0.0794 -0.0008
2.050 -0.1117 -0.0012
2.150 -0.1230 -0.0013
2.250 -0.1198 -0.0013
2.350 -0.1152 -0.0013
2.450 -0.0842 -0.0010
2.550 -0.0847 -0.0011
2.650 -0.0873 -0.0011
2.750 -0.0709 -0.0010
2.850 -0.0539 -0.0008
2.950 -0.0545 -0.0008
3.050 -0.0388 -0.0006
3.150 -0.0415 -0.0006
3.250 -0.0097 -0.0002
3.350 -0.0238 -0.0004
3.450 -0.0185 -0.0003
3.550 -0.0050 -0.0001
3.650 -0.0184 -0.0003
3.750  0.0124  0.0002
3.850 -0.0000 -0.0000
3.950  0.0048  0.0001
4.050  0.0045  0.0001
4.150 -0.0114 -0.0002
4.250  0.0008  0.0000
4.350  0.0095  0.0002
4.450  0.0145  0.0003
4.550 -0.0045 -0.0001
4.650 -0.0020 -0.0000
4.750  0.0071  0.0002
4.850 -0.0038 -0.0001
4.950  0.0059  0.0002
5.050  0.0043  0.0001
5.150  0.0024  0.0001
5.250 -0.0080 -0.0002
5.350  0.0092  0.0003
5.450  0.0111  0.0003
5.550  0.0124  0.0004
5.650 -0.0089 -0.0003
5.750  0.0010  0.0000
5.850 -0.0059 -0.0002
5.950  0.0206  0.0008
6.050  0.0095  0.0004
6.150  0.0134  0.0005
6.250  0.0019  0.0001
6.350  0.0023  0.0001
6.450  0.0042  0.0002
6.550  0.0078  0.0003
6.650 -0.0002 -0.0000
6.750  0.0030  0.0001
6.850 -0.0080 -0.0004
6.950 -0.0016 -0.0001
7.050  0.0133  0.0007
7.150 -0.0083 -0.0005
7.250 -0.0146 -0.0008
7.350 -0.0021 -0.0001
7.450 -0.0008 -0.0000
7.550  0.0208  0.0012
7.650  0.0093  0.0005
7.750  0.0003  0.0000
7.850  0.0017  0.0001
7.950  0.0129  0.0009
8.050  0.0067  0.0005
8.150  0.0038  0.0003
8.250 -0.0049 -0.0004
8.350 -0.0141 -0.0011
8.450  0.0045  0.0003
8.550 -0.0072 -0.0006
8.650 -0.0050 -0.0004
8.750  0.0082  0.0006
8.850 -0.0089 -0.0007
8.950  0.0155  0.0012
9.050 -0.0004 -0.0000
9.150  0.0119  0.0012
9.250  0.0042  0.0004
9.350 -0.0002 -0.0000
9.450 -0.0001 -0.0000
9.550 -0.0062 -0.0006
9.650  0.0025  0.0003
9.750  0.0013  0.0002
9.850 -0.0065 -0.0007
9.950 -0.0012 -0.0001
10.050 -0.0018 -0.0002
10.150 -0.0021 -0.0003
10.250  0.0075  0.0010
10.350  0.0215  0.0026
10.450  0.0021  0.0003
10.550 -0.0029 -0.0004
10.650  0.0134  0.0020
10.750 -0.0012 -0.0002
10.850 -0.0091 -0.0013
10.950  0.0002  0.0000
11.050  0.0010  0.0001
11.150  0.0023  0.0004
11.250 -0.0213 -0.0040
11.350  0.0050  0.0009
11.450  0.0139  0.0022
11.550 -0.0008 -0.0001
11.650 -0.0106 -0.0022
11.750  0.0005  0.0001
11.850  0.0250  0.0056
11.950 -0.0232 -0.0047
