# ICODE=2212, JCODE=-2212
# Normalized GAUSSIAN BF, SIGMA_GAUSS=0.3
# NSAMPLE=100000, Tblast=100, UPERPblast(x,y)=(0.75,0.75)
# BARYON_FUDGE=0.75
# ------- normalization=0.480124 -----------------
#dely    BF
0.050  0.0774  0.0083
0.150  0.0132  0.0013
0.250  0.0574  0.0061
0.350  0.1187  0.0124
0.450  0.0670  0.0076
0.550  0.0950  0.0110
0.650  0.1258  0.0153
0.750  0.1600  0.0174
0.850  0.1810  0.0204
0.950  0.2237  0.0289
1.050  0.2441  0.0292
1.150  0.1493  0.0198
1.250  0.2025  0.0253
1.350  0.1226  0.0149
1.450  0.0991  0.0135
1.550  0.1310  0.0166
1.650  0.0642  0.0087
1.750  0.0211  0.0029
1.850  0.0136  0.0020
1.950 -0.0127 -0.0019
2.050 -0.0566 -0.0094
2.150 -0.0452 -0.0067
2.250 -0.0698 -0.0109
2.350 -0.1068 -0.0169
2.450 -0.0518 -0.0095
2.550 -0.1811 -0.0326
2.650 -0.1001 -0.0162
2.750 -0.1155 -0.0207
2.850 -0.1044 -0.0194
2.950 -0.0571 -0.0112
3.050 -0.0852 -0.0182
3.150 -0.0755 -0.0161
3.250 -0.0771 -0.0154
3.350 -0.0224 -0.0042
3.450 -0.0510 -0.0124
3.550 -0.0347 -0.0084
3.650 -0.0431 -0.0115
3.750  0.0219  0.0052
3.850  0.0417  0.0104
3.950 -0.0267 -0.0081
4.050  0.0549  0.0152
4.150  0.0262  0.0107
4.250  0.0356  0.0119
4.350  0.1386  0.0371
4.450  0.0206  0.0078
4.550  0.0969  0.0343
4.650  0.0723  0.0296
4.750  0.1850  0.0659
4.850  0.0405  0.0165
4.950  0.1050  0.0398
5.050  0.1001  0.0380
5.150  0.1049  0.0473
5.250  0.0895  0.0402
5.350  0.1650  0.0632
5.450  0.0000  0.0000
5.550  0.0000  0.0000
5.650  0.0617  0.0311
5.750 -0.0091 -0.0041
5.850  0.0750  0.0436
5.950  0.1644  0.0755
6.050  0.1566  0.0938
6.150  0.0690  0.0403
6.250  0.0713  0.0321
6.350  0.2256  0.0960
6.450  0.1416  0.0826
6.550  0.0000  0.0000
6.650  0.0894  0.0639
6.750  0.1123  0.0817
6.850  0.1352  0.0788
6.950  0.2304  0.1220
7.050  0.0000  0.0000
7.150  0.0186  0.0186
7.250  0.0000  0.0000
7.350  0.0000  0.0000
7.450  0.0000  0.0000
7.550  0.0000  0.0000
7.650  0.0824  0.0592
7.750  0.1142  0.1142
7.850  0.0586  0.0418
7.950  0.0579  0.0579
8.050  0.0572  0.0408
8.150  0.1132  0.0824
8.250  0.0000  0.0000
8.350  0.2424  0.2424
8.450  0.0368  0.0368
8.550  0.0564  0.0564
8.650  0.1184  0.0704
8.750  0.0000  0.0000
8.850  0.0000  0.0000
8.950  0.0000  0.0000
9.050  0.0677  0.0677
9.150  0.0263  0.0263
9.250  0.0000  0.0000
9.350  0.0000  0.0000
9.450  0.0000  0.0000
9.550  0.0000  0.0000
9.650  0.0000  0.0000
9.750  0.0419  0.0419
9.850  0.0000  0.0000
9.950  0.0000  0.0000
10.050  0.0000  0.0000
10.150  0.0000  0.0000
10.250  0.0000  0.0000
10.350  0.0372  0.0372
10.450  0.0000  0.0000
10.550  0.0000  0.0000
10.650  0.0000  0.0000
10.750  0.0000  0.0000
10.850  0.0000  0.0000
10.950  0.0000  0.0000
11.050  0.0000  0.0000
11.150  0.0000  0.0000
11.250  0.0000  0.0000
11.350  0.0000  0.0000
11.450  0.0000  0.0000
11.550  0.0000  0.0000
11.650  0.0000  0.0000
11.750  0.0000  0.0000
11.850  0.0000  0.0000
11.950  0.0000  0.0000
