# ICODE=0, JCODE=0
# Normalized GAUSSIAN BF, SIGMA_GAUSS=0.3
# NSAMPLE=100000, Tblast=100, UPERPblast(x,y)=(0.75,0.75)
# BARYON_FUDGE=0.75
# ------- normalization=0.852978 -----------------
#dely    BF
0.050 -0.0532 -0.0003
0.150  0.0100  0.0001
0.250 -0.0538 -0.0003
0.350 -0.0420 -0.0002
0.450 -0.0041 -0.0000
0.550 -0.0692 -0.0004
0.650 -0.0683 -0.0004
0.750 -0.0808 -0.0005
0.850 -0.1482 -0.0009
0.950 -0.2163 -0.0013
1.050 -0.2230 -0.0014
1.150 -0.1815 -0.0011
1.250 -0.2456 -0.0016
1.350 -0.2551 -0.0017
1.450 -0.2749 -0.0019
1.550 -0.2833 -0.0020
1.650 -0.3011 -0.0022
1.750 -0.3256 -0.0025
1.850 -0.3594 -0.0029
1.950 -0.3601 -0.0029
2.050 -0.3263 -0.0028
2.150 -0.3417 -0.0030
2.250 -0.3443 -0.0031
2.350 -0.3229 -0.0031
2.450 -0.3302 -0.0033
2.550 -0.3554 -0.0036
2.650 -0.2928 -0.0031
2.750 -0.3346 -0.0036
2.850 -0.2720 -0.0031
2.950 -0.2890 -0.0034
3.050 -0.2961 -0.0036
3.150 -0.2866 -0.0036
3.250 -0.2609 -0.0034
3.350 -0.2582 -0.0035
3.450 -0.2704 -0.0038
3.550 -0.2508 -0.0036
3.650 -0.2301 -0.0034
3.750 -0.2284 -0.0035
3.850 -0.2151 -0.0034
3.950 -0.2339 -0.0038
4.050 -0.2440 -0.0041
4.150 -0.1903 -0.0034
4.250 -0.2057 -0.0037
4.350 -0.2147 -0.0040
4.450 -0.1901 -0.0037
4.550 -0.1661 -0.0033
4.650 -0.1966 -0.0041
4.750 -0.1891 -0.0040
4.850 -0.1796 -0.0038
4.950 -0.1678 -0.0037
5.050 -0.1223 -0.0028
5.150 -0.1474 -0.0035
5.250 -0.1236 -0.0030
5.350 -0.1510 -0.0038
5.450 -0.1055 -0.0027
5.550 -0.1139 -0.0030
5.650 -0.1142 -0.0031
5.750 -0.0826 -0.0023
5.850 -0.0694 -0.0020
5.950 -0.0490 -0.0015
6.050 -0.0446 -0.0013
6.150 -0.0321 -0.0010
6.250 -0.0199 -0.0006
6.350 -0.0416 -0.0014
6.450 -0.0096 -0.0003
6.550  0.0053  0.0002
6.650 -0.0068 -0.0002
6.750  0.0216  0.0008
6.850  0.0247  0.0010
6.950  0.0240  0.0009
7.050  0.0197  0.0008
7.150  0.0717  0.0030
7.250  0.0662  0.0028
7.350  0.0378  0.0018
7.450  0.0162  0.0008
7.550  0.1063  0.0049
7.650  0.1102  0.0052
7.750  0.0831  0.0040
7.850  0.1435  0.0073
7.950  0.2210  0.0114
8.050  0.1731  0.0093
8.150  0.1458  0.0085
8.250  0.2546  0.0148
8.350  0.1640  0.0097
8.450  0.2080  0.0125
8.550  0.2050  0.0131
8.650  0.1002  0.0066
8.750  0.2068  0.0135
8.850  0.1958  0.0137
8.950  0.2978  0.0220
9.050  0.2407  0.0173
9.150  0.2152  0.0165
9.250  0.1274  0.0099
9.350  0.1862  0.0147
9.450  0.2381  0.0213
9.550  0.3071  0.0263
9.650  0.1718  0.0166
9.750  0.1941  0.0179
9.850  0.2227  0.0215
9.950  0.2031  0.0195
10.050  0.2460  0.0252
10.150  0.2542  0.0290
10.250  0.2687  0.0279
10.350  0.3263  0.0367
10.450  0.2357  0.0326
10.550  0.4510  0.0653
10.650  0.5219  0.0760
10.750  0.1801  0.0250
10.850  0.2854  0.0468
10.950  0.3159  0.0476
11.050  0.2080  0.0331
11.150  0.1933  0.0330
11.250  0.2321  0.0370
11.350  0.1182  0.0208
11.450  0.1837  0.0322
11.550  0.3005  0.0710
11.650  0.4218  0.1064
11.750  0.2536  0.0563
11.850  0.2775  0.0836
11.950  2.4691  0.0000
