# ICODE=211, JCODE=-211
# Normalized GAUSSIAN BF, SIGMA_GAUSS=0.3
# NSAMPLE=100000, Tblast=100, UPERPblast(x,y)=(0.75,0.75)
# BARYON_FUDGE=0.75
# ------- normalization=0.873747 -----------------
#dely    BF
0.050  1.0166  0.0062
0.150  0.9752  0.0059
0.250  0.9934  0.0061
0.350  1.0199  0.0063
0.450  1.1255  0.0070
0.550  1.0902  0.0070
0.650  1.0500  0.0068
0.750  1.1432  0.0075
0.850  1.0833  0.0074
0.950  0.9992  0.0070
1.050  1.0311  0.0074
1.150  0.9855  0.0074
1.250  0.8951  0.0069
1.350  0.8807  0.0070
1.450  0.7879  0.0065
1.550  0.7146  0.0061
1.650  0.6751  0.0060
1.750  0.5949  0.0055
1.850  0.4998  0.0049
1.950  0.4189  0.0042
2.050  0.3308  0.0034
2.150  0.2883  0.0031
2.250  0.1973  0.0022
2.350  0.1288  0.0015
2.450  0.0658  0.0008
2.550  0.0083  0.0001
2.650 -0.0866 -0.0012
2.750 -0.0477 -0.0007
2.850 -0.1658 -0.0024
2.950 -0.2062 -0.0030
3.050 -0.1935 -0.0030
3.150 -0.2918 -0.0047
3.250 -0.2711 -0.0046
3.350 -0.2641 -0.0046
3.450 -0.2954 -0.0053
3.550 -0.2279 -0.0043
3.650 -0.3013 -0.0060
3.750 -0.3146 -0.0065
3.850 -0.3310 -0.0070
3.950 -0.3102 -0.0068
4.050 -0.2919 -0.0065
4.150 -0.3056 -0.0074
4.250 -0.2610 -0.0065
4.350 -0.2613 -0.0068
4.450 -0.2037 -0.0055
4.550 -0.2617 -0.0072
4.650 -0.2176 -0.0063
4.750 -0.2615 -0.0078
4.850 -0.2370 -0.0074
4.950 -0.2002 -0.0063
5.050 -0.2199 -0.0074
5.150 -0.2296 -0.0078
5.250 -0.1539 -0.0055
5.350 -0.2235 -0.0082
5.450 -0.2523 -0.0097
5.550 -0.1605 -0.0064
5.650 -0.2302 -0.0095
5.750 -0.1083 -0.0047
5.850 -0.1406 -0.0063
5.950 -0.1527 -0.0069
6.050 -0.1258 -0.0059
6.150 -0.1117 -0.0056
6.250 -0.1117 -0.0058
6.350 -0.0893 -0.0046
6.450 -0.1256 -0.0067
6.550 -0.1111 -0.0067
6.650 -0.0673 -0.0041
6.750 -0.0661 -0.0041
6.850 -0.0882 -0.0058
6.950 -0.0973 -0.0061
7.050 -0.0908 -0.0064
7.150 -0.0725 -0.0052
7.250 -0.0752 -0.0051
7.350 -0.0916 -0.0068
7.450 -0.0979 -0.0073
7.550 -0.0637 -0.0051
7.650 -0.0687 -0.0056
7.750 -0.0398 -0.0035
7.850 -0.0479 -0.0043
7.950 -0.0621 -0.0054
8.050 -0.0394 -0.0039
8.150 -0.0204 -0.0020
8.250 -0.0563 -0.0053
8.350 -0.0284 -0.0032
8.450 -0.0102 -0.0011
8.550 -0.0338 -0.0034
8.650 -0.0058 -0.0006
8.750 -0.0288 -0.0034
8.850  0.0064  0.0009
8.950 -0.0232 -0.0034
9.050 -0.0193 -0.0026
9.150 -0.0278 -0.0037
9.250 -0.0064 -0.0010
9.350 -0.0241 -0.0035
9.450 -0.0200 -0.0031
9.550  0.0037  0.0007
9.650 -0.0108 -0.0018
9.750 -0.0166 -0.0027
9.850 -0.0082 -0.0015
9.950 -0.0265 -0.0042
10.050  0.0417  0.0075
10.150 -0.0269 -0.0056
10.250 -0.0215 -0.0041
10.350  0.0143  0.0027
10.450 -0.0398 -0.0089
10.550 -0.0240 -0.0046
10.650 -0.0030 -0.0006
10.750 -0.0107 -0.0027
10.850 -0.0230 -0.0054
10.950  0.0040  0.0012
11.050 -0.0252 -0.0067
11.150  0.0189  0.0046
11.250 -0.0250 -0.0073
11.350 -0.0080 -0.0023
11.450  0.0223  0.0057
11.550 -0.0530 -0.0143
11.650  0.0000  0.0000
11.750  0.0127  0.0049
11.850 -0.0238 -0.0072
11.950  0.0046  0.0012
