# ICODE=211, JCODE=-211
# Normalized GAUSSIAN BF, SIGMA_GAUSS=0.3
# NSAMPLE=100000, Tblast=100, UPERPblast(x,y)=(0.75,0.75)
# BARYON_FUDGE=0.75
# ------- normalization=0.884675 -----------------
#dely    BF
0.050  1.4032  0.0084
0.150  1.3836  0.0083
0.250  1.3536  0.0082
0.350  1.2817  0.0078
0.450  1.1551  0.0071
0.550  1.0265  0.0065
0.650  0.8578  0.0056
0.750  0.7799  0.0052
0.850  0.6766  0.0046
0.950  0.4849  0.0034
1.050  0.3597  0.0026
1.150  0.2267  0.0017
1.250  0.1576  0.0012
1.350  0.0683  0.0006
1.450  0.0073  0.0001
1.550 -0.0573 -0.0005
1.650 -0.0826 -0.0008
1.750 -0.0988 -0.0009
1.850 -0.1215 -0.0012
1.950 -0.1056 -0.0011
2.050 -0.1414 -0.0015
2.150 -0.1082 -0.0012
2.250 -0.1447 -0.0017
2.350 -0.1411 -0.0017
2.450 -0.1093 -0.0014
2.550 -0.1015 -0.0013
2.650 -0.1183 -0.0016
2.750 -0.0991 -0.0014
2.850 -0.0891 -0.0013
2.950 -0.0689 -0.0010
3.050 -0.0706 -0.0011
3.150 -0.0542 -0.0009
3.250 -0.0498 -0.0009
3.350 -0.0376 -0.0007
3.450 -0.0227 -0.0004
3.550 -0.0337 -0.0006
3.650 -0.0375 -0.0007
3.750 -0.0269 -0.0005
3.850 -0.0184 -0.0004
3.950 -0.0429 -0.0009
4.050 -0.0408 -0.0009
4.150 -0.0195 -0.0005
4.250  0.0048  0.0001
4.350  0.0022  0.0001
4.450 -0.0099 -0.0003
4.550 -0.0135 -0.0004
4.650 -0.0088 -0.0002
4.750 -0.0131 -0.0004
4.850 -0.0042 -0.0001
4.950 -0.0312 -0.0009
5.050  0.0028  0.0001
5.150 -0.0054 -0.0002
5.250 -0.0100 -0.0003
5.350  0.0035  0.0001
5.450 -0.0172 -0.0006
5.550 -0.0306 -0.0011
5.650 -0.0125 -0.0005
5.750  0.0085  0.0003
5.850  0.0082  0.0003
5.950 -0.0121 -0.0005
6.050  0.0075  0.0003
6.150  0.0061  0.0003
6.250  0.0024  0.0001
6.350 -0.0101 -0.0005
6.450 -0.0082 -0.0004
6.550 -0.0005 -0.0000
6.650  0.0018  0.0001
6.750 -0.0094 -0.0005
6.850  0.0115  0.0007
6.950  0.0070  0.0004
7.050  0.0194  0.0012
7.150 -0.0040 -0.0002
7.250 -0.0018 -0.0001
7.350 -0.0018 -0.0001
7.450 -0.0049 -0.0003
7.550 -0.0044 -0.0003
7.650  0.0023  0.0002
7.750 -0.0065 -0.0005
7.850  0.0001  0.0000
7.950  0.0008  0.0001
8.050  0.0029  0.0002
8.150 -0.0001 -0.0000
8.250 -0.0021 -0.0002
8.350  0.0010  0.0001
8.450 -0.0050 -0.0004
8.550 -0.0084 -0.0008
8.650  0.0026  0.0003
8.750  0.0029  0.0003
8.850  0.0014  0.0002
8.950  0.0039  0.0004
9.050  0.0056  0.0007
9.150 -0.0001 -0.0000
9.250 -0.0027 -0.0003
9.350 -0.0003 -0.0000
9.450  0.0003  0.0000
9.550 -0.0038 -0.0005
9.650 -0.0025 -0.0003
9.750 -0.0020 -0.0003
9.850 -0.0019 -0.0003
9.950 -0.0015 -0.0002
10.050  0.0051  0.0007
10.150  0.0019  0.0003
10.250 -0.0060 -0.0009
10.350  0.0129  0.0021
10.450  0.0004  0.0001
10.550 -0.0031 -0.0006
10.650 -0.0062 -0.0010
10.750 -0.0086 -0.0016
10.850  0.0000  0.0000
10.950 -0.0000 -0.0000
11.050 -0.0047 -0.0009
11.150  0.0033  0.0006
11.250  0.0000  0.0000
11.350 -0.0136 -0.0030
11.450 -0.0118 -0.0031
11.550 -0.0095 -0.0024
11.650  0.0043  0.0010
11.750  0.0089  0.0021
11.850 -0.0046 -0.0011
11.950 -0.0053 -0.0013
