# ICODE=211, JCODE=-211
# Normalized GAUSSIAN BF, SIGMA_GAUSS=0.3
# NSAMPLE=100000, Tblast=100, UPERPblast(x,y)=(0.75,0.75)
# BARYON_FUDGE=0.75
# ------- normalization=0.920745 -----------------
#dely    BF
0.050  0.1064  0.0006
0.150  0.1063  0.0006
0.250  0.0999  0.0006
0.350  0.1533  0.0009
0.450  0.1821  0.0011
0.550  0.1760  0.0011
0.650  0.2100  0.0014
0.750  0.3004  0.0020
0.850  0.3129  0.0021
0.950  0.2836  0.0020
1.050  0.3109  0.0023
1.150  0.4036  0.0030
1.250  0.4102  0.0032
1.350  0.3992  0.0032
1.450  0.4201  0.0035
1.550  0.4214  0.0037
1.650  0.4480  0.0040
1.750  0.3682  0.0034
1.850  0.4157  0.0040
1.950  0.3622  0.0036
2.050  0.3074  0.0033
2.150  0.2889  0.0032
2.250  0.2866  0.0033
2.350  0.2892  0.0034
2.450  0.2704  0.0033
2.550  0.2399  0.0031
2.650  0.1955  0.0026
2.750  0.1945  0.0027
2.850  0.1489  0.0022
2.950  0.1734  0.0026
3.050  0.1199  0.0018
3.150  0.1296  0.0021
3.250  0.0853  0.0014
3.350  0.0901  0.0016
3.450  0.0730  0.0013
3.550  0.0614  0.0011
3.650  0.0532  0.0010
3.750  0.0301  0.0006
3.850  0.0208  0.0004
3.950  0.0182  0.0004
4.050  0.0178  0.0004
4.150  0.0205  0.0005
4.250  0.0074  0.0002
4.350  0.0118  0.0003
4.450  0.0087  0.0002
4.550  0.0176  0.0005
4.650 -0.0061 -0.0002
4.750 -0.0079 -0.0002
4.850 -0.0151 -0.0004
4.950 -0.0167 -0.0005
5.050  0.0051  0.0002
5.150 -0.0088 -0.0003
5.250  0.0003  0.0000
5.350  0.0098  0.0003
5.450 -0.0142 -0.0005
5.550 -0.0345 -0.0013
5.650 -0.0312 -0.0012
5.750  0.0077  0.0003
5.850  0.0082  0.0003
5.950  0.0024  0.0001
6.050 -0.0254 -0.0012
6.150 -0.0299 -0.0014
6.250 -0.0046 -0.0002
6.350 -0.0190 -0.0009
6.450 -0.0211 -0.0011
6.550 -0.0128 -0.0007
6.650 -0.0103 -0.0006
6.750 -0.0061 -0.0003
6.850 -0.0045 -0.0003
6.950  0.0025  0.0002
7.050  0.0031  0.0002
7.150 -0.0063 -0.0004
7.250 -0.0078 -0.0005
7.350 -0.0020 -0.0002
7.450 -0.0065 -0.0004
7.550 -0.0041 -0.0003
7.650 -0.0062 -0.0004
7.750 -0.0066 -0.0005
7.850 -0.0070 -0.0005
7.950  0.0012  0.0001
8.050 -0.0038 -0.0003
8.150 -0.0030 -0.0003
8.250 -0.0037 -0.0003
8.350 -0.0042 -0.0004
8.450  0.0036  0.0004
8.550 -0.0014 -0.0001
8.650  0.0066  0.0007
8.750  0.0074  0.0008
8.850 -0.0091 -0.0011
8.950 -0.0018 -0.0002
9.050 -0.0051 -0.0005
9.150 -0.0073 -0.0008
9.250 -0.0068 -0.0008
9.350 -0.0026 -0.0004
9.450 -0.0290 -0.0042
9.550 -0.0031 -0.0005
9.650  0.0016  0.0002
9.750  0.0114  0.0016
9.850  0.0012  0.0002
9.950  0.0001  0.0000
10.050 -0.0008 -0.0001
10.150  0.0041  0.0007
10.250 -0.0109 -0.0020
10.350 -0.0003 -0.0001
10.450  0.0085  0.0016
10.550 -0.0000 -0.0000
10.650 -0.0489 -0.0093
10.750 -0.0002 -0.0000
10.850 -0.0000 -0.0000
10.950 -0.0244 -0.0051
11.050  0.0000  0.0000
11.150  0.0230  0.0047
11.250 -0.0000 -0.0000
11.350 -0.0051 -0.0011
11.450  0.0001  0.0000
11.550  0.0246  0.0073
11.650  0.0001  0.0000
11.750 -0.0258 -0.0070
11.850  0.0001  0.0000
11.950  0.0217  0.0059
