# ICODE=2212, JCODE=-2212
# Normalized GAUSSIAN BF, SIGMA_GAUSS=0.3
# NSAMPLE=100000, Tblast=100, UPERPblast(x,y)=(0.75,0.75)
# BARYON_FUDGE=0.75
# ------- normalization=0.503309 -----------------
#dely    BF
0.050 -0.4118 -0.0372
0.150 -0.3283 -0.0293
0.250 -0.3137 -0.0299
0.350 -0.3708 -0.0351
0.450 -0.1880 -0.0191
0.550 -0.1633 -0.0183
0.650 -0.1393 -0.0128
0.750  0.0007  0.0001
0.850  0.0222  0.0024
0.950  0.0261  0.0029
1.050  0.0896  0.0107
1.150  0.0673  0.0084
1.250  0.1183  0.0140
1.350  0.1079  0.0144
1.450  0.1770  0.0221
1.550  0.1941  0.0272
1.650  0.2732  0.0359
1.750  0.0888  0.0168
1.850  0.1948  0.0329
1.950  0.2514  0.0346
2.050  0.2036  0.0335
2.150  0.1601  0.0250
2.250  0.2272  0.0379
2.350  0.1828  0.0346
2.450  0.1896  0.0341
2.550  0.1280  0.0213
2.650  0.2085  0.0381
2.750  0.0868  0.0185
2.850  0.1322  0.0289
2.950  0.1491  0.0299
3.050  0.0959  0.0233
3.150  0.1000  0.0224
3.250  0.0952  0.0238
3.350  0.0513  0.0171
3.450  0.1952  0.0461
3.550  0.1043  0.0270
3.650  0.0443  0.0157
3.750  0.1070  0.0309
3.850  0.0292  0.0131
3.950  0.0319  0.0121
4.050  0.0020  0.0010
4.150  0.1777  0.0597
4.250  0.0039  0.0016
4.350  0.0330  0.0234
4.450  0.1053  0.0375
4.550  0.1902  0.0732
4.650  0.1075  0.0539
4.750 -0.0168 -0.0069
4.850  0.0288  0.0167
4.950  0.1260  0.0571
5.050  0.1752  0.0671
5.150  0.1208  0.0857
5.250 -0.0276 -0.0276
5.350  0.0000  0.0000
5.450  0.0476  0.0241
5.550  0.0446  0.0184
5.650  0.0417  0.0243
5.750  0.1872  0.0868
5.850  0.1555  0.0931
5.950  0.0000  0.0000
6.050  0.0000  0.0000
6.150  0.0000  0.0000
6.250  0.0000  0.0000
6.350  0.1039  0.0753
6.450  0.2161  0.1340
6.550  0.0557  0.0327
6.650  0.1085  0.0773
6.750  0.0000  0.0000
6.850  0.0000  0.0000
6.950  0.0000  0.0000
7.050  0.0000  0.0000
7.150  0.0000  0.0000
7.250  0.0000  0.0000
7.350  0.0000  0.0000
7.450  0.0836  0.0836
7.550  0.1524  0.0912
7.650  0.0876  0.0630
7.750  0.1776  0.1776
7.850  0.0000  0.0000
7.950  0.0000  0.0000
8.050  0.0609  0.0609
8.150  0.0000  0.0000
8.250 -0.0822 -0.0822
8.350  0.0000  0.0000
8.450  0.0000  0.0000
8.550  0.0000  0.0000
8.650  0.1295  0.1295
8.750  0.0000  0.0000
8.850  0.0000  0.0000
8.950  0.0000  0.0000
9.050  0.0000  0.0000
9.150  0.0000  0.0000
9.250  0.1067  0.1067
9.350  0.0000  0.0000
9.450  0.0000  0.0000
9.550  0.0000  0.0000
9.650  0.0000  0.0000
9.750  0.0000  0.0000
9.850  0.1121  0.1121
9.950  0.0000  0.0000
10.050  0.0000  0.0000
10.150  0.0000  0.0000
10.250  0.0000  0.0000
10.350  0.0000  0.0000
10.450  0.0000  0.0000
10.550  0.0000  0.0000
10.650  0.0000  0.0000
10.750  0.0000  0.0000
10.850  0.0000  0.0000
10.950  0.0000  0.0000
11.050  0.0000  0.0000
11.150  0.0000  0.0000
11.250  0.0000  0.0000
11.350  0.0000  0.0000
11.450  0.0000  0.0000
11.550  0.0000  0.0000
11.650  0.0000  0.0000
11.750  0.0000  0.0000
11.850  0.0000  0.0000
11.950  0.0000  0.0000
